{"metadata":{"formatVersion":2,"generatedBy":"LeapJS Playback 0.2.1","frames":788,"protocolVersion":6,"serviceVersion":"2.3.1+31549","frameRate":"1.1e+2","modified":"Thu Sep 01 2016 17:23:07 GMT-0400 (EDT)"},"frames":[["id","timestamp",{"hands":[["id","type","direction","palmNormal","palmPosition","palmVelocity","stabilizedPalmPosition","pinchStrength","grabStrength","confidence","armBasis","armWidth","elbow","wrist"]]},{"pointables":[["id","direction","handId","length","stabilizedTipPosition","tipPosition","tipVelocity","tool","carpPosition","mcpPosition","pipPosition","dipPosition","btipPosition","bases","type"]]},{"interactionBox":["center","size"]}],[119040,1472764978191496,[[50,"left",[-0.00965931,0.559571,-0.828726],[0.0967672,-0.824352,-0.557745],[-167.904,277.356,19.5384],[-14.9789,-12.3159,2.78192],[-156.234,271.737,17.3772],0,0,1,[[-0.992003,-0.0719072,-0.103732],[-0.0938388,0.969801,0.225125],[-0.0844114,-0.233058,0.968792]],51.4677,[-192.357,204.473,268.624],[-173.948,255.299,57.3465]]],[[500,[0.449062,0.352117,-0.821193],50,42.0952,[-94.9835,275.178,-7.04418],[-104.503,280.118,-4.4908],[-18.4189,-5.78939,0.0351237],false,[-150.16,248.532,55.8352],[-150.16,248.532,55.8352],[-125.183,264.639,28.5893],[-112.816,274.336,5.97396],[-101.795,281.716,-7.49525],[[[-0.488926,0.812076,0.318566],[0.761473,0.219156,0.610024],[-0.42557,-0.540836,0.725525]],[[-0.396097,0.902281,0.170284],[0.677747,0.162176,0.717188],[-0.619489,-0.399486,0.675755]],[[-0.396097,0.902281,0.170284],[0.800906,0.248804,0.544652],[-0.449062,-0.352117,0.821193]],[[-0.396097,0.902281,0.170284],[0.709378,0.182954,0.680669],[-0.583,-0.390407,0.712526]]],0],[501,[0.0884324,-0.171427,-0.98122],50,47.4998,[-132.187,285.289,-60.6192],[-143.006,289.565,-58.5212],[-18.4545,-12.0648,1.71927],false,[-158.255,265.831,57.1805],[-148.142,291.825,4.71022],[-145.483,296.465,-29.5767],[-143.757,293.118,-48.7328],[-142.489,287.844,-61.4223],[[[-0.982753,0.00958691,-0.184675],[-0.0723206,0.899192,0.431536],[-0.170195,-0.437449,0.88299]],[[-0.995756,-0.0404061,-0.0826833],[-0.0509791,0.990196,0.130048],[-0.0766179,-0.133711,0.988054]],[[-0.995756,-0.0404061,-0.0826833],[-0.0254732,0.984368,-0.174273],[-0.0884324,0.171427,0.98122]],[[-0.995756,-0.0404061,-0.0826833],[-0.00555208,0.923196,-0.384289],[-0.0918605,0.382199,0.919503]]],1],[502,[0.003508,-0.213184,-0.977006],50,54.1222,[-157.224,282.33,-68.8581],[-168.931,286.432,-66.7319],[-18.3294,-13.9421,2.72663],false,[-167.943,267.369,55.5367],[-166.016,291.791,4.78741],[-169.663,295.823,-33.7634],[-169.583,290.927,-56.2037],[-168.458,284.411,-69.8664],[[[-0.969887,-0.203034,-0.134524],[-0.241145,0.878045,0.413383],[-0.0341872,-0.433375,0.900565]],[[-0.954993,-0.290506,0.05996],[-0.28145,0.951252,0.126116],[0.0936747,-0.103565,0.990202]],[[-0.954993,-0.290506,0.05996],[-0.296609,0.932823,-0.204608],[-0.003508,0.213184,0.977006]],[[-0.954993,-0.290506,0.05996],[-0.287233,0.855176,-0.431476],[-0.0740702,0.429279,0.900129]]],2],[503,[-0.00856479,-0.149789,-0.988681],50,52.0399,[-177.16,282.087,-62.6992],[-187.304,284.899,-60.1656],[-17.9857,-14.6577,3.46427],false,[-177.672,266.29,53.9123],[-183.535,287.365,8.29013],[-187.907,292.088,-27.2197],[-188.099,288.736,-49.3418],[-186.976,283.503,-63.4522],[[[-0.94339,-0.330205,-0.0313092],[-0.310789,0.847033,0.431213],[0.115869,-0.416533,0.901707]],[[-0.925791,-0.3725,0.0644553],[-0.358093,0.918758,0.166292],[0.121163,-0.13087,0.983968]],[[-0.925791,-0.3725,0.0644553],[-0.377938,0.915864,-0.135483],[0.00856479,0.149789,0.988681]],[[-0.925791,-0.3725,0.0644553],[-0.370637,0.860816,-0.348746],[-0.0744235,0.346755,0.934998]]],3],[504,[-0.0603283,-0.127463,-0.990007],50,40.7983,[-193.709,274.363,-44.5618],[-205.773,278.291,-42.2016],[-18.5517,-12.9604,4.32837],false,[-186.623,259.435,51.6678],[-198.666,279.467,11.0816],[-205.387,283.195,-16.425],[-206.34,281.181,-32.065],[-205.345,276.886,-45.2711],[[[-0.859232,-0.51158,0.00244829],[-0.442272,0.745213,0.499052],[0.257129,-0.427719,0.866568]],[[-0.815295,-0.56593,0.122545],[-0.529058,0.814059,0.239594],[0.235352,-0.130507,0.963108]],[[-0.815295,-0.56593,0.122545],[-0.575894,0.814541,-0.0697781],[0.0603283,0.127463,0.990007]],[[-0.815295,-0.56593,0.122545],[-0.574609,0.764578,-0.291967],[-0.071538,0.308455,0.948545]]],4]],[[0,200,0],[235.247,235.247,147.751]]],[119041,1472764978200157,[[50,"left",[-0.0104077,0.559883,-0.828506],[0.0970193,-0.824076,-0.558109],[-168.04,277.243,19.5536],[-15.1824,-12.533,2.50672],[-156.332,271.783,17.3954],0,0,1,[[-0.991935,-0.072377,-0.104047],[-0.0943135,0.96991,0.224455],[-0.0846704,-0.232458,0.968914]],51.4677,[-192.518,204.472,268.66],[-174.052,255.167,57.356]]],[[500,[0.448463,0.353086,-0.821104],50,42.0952,[-95.065,275.22,-7.02159],[-104.657,280.067,-4.50152],[-18.5401,-5.43261,-0.362349],false,[-150.261,248.416,55.8307],[-150.261,248.416,55.8307],[-125.312,264.562,28.582],[-112.961,274.286,5.96918],[-101.964,281.681,-7.51025],[[[-0.489285,0.811645,0.319112],[0.761627,0.219401,0.609744],[-0.424882,-0.541383,0.72552]],[[-0.396767,0.901832,0.171097],[0.677997,0.162272,0.71693],[-0.618786,-0.400458,0.675824]],[[-0.396767,0.901832,0.171097],[0.80091,0.249056,0.544531],[-0.448463,-0.353086,0.821104]],[[-0.396767,0.901832,0.171097],[0.710007,0.183381,0.679898],[-0.581778,-0.391242,0.713067]]],0],[501,[0.0883316,-0.172301,-0.981076],50,47.4998,[-132.294,285.325,-60.598],[-143.166,289.419,-58.5104],[-18.5158,-13.7429,1.57285],false,[-158.366,265.708,57.1865],[-148.294,291.73,4.72147],[-145.643,296.328,-29.5715],[-143.918,292.964,-48.7249],[-142.651,287.683,-61.4115],[[[-0.982847,0.00903932,-0.184201],[-0.0726801,0.89898,0.431917],[-0.169497,-0.437896,0.882903]],[[-0.995754,-0.0408793,-0.0824738],[-0.0513278,0.990337,0.128835],[-0.0764101,-0.132521,0.988231]],[[-0.995754,-0.0408793,-0.0824738],[-0.0258954,0.984196,-0.175181],[-0.0883316,0.172301,0.981076]],[[-0.995754,-0.0408793,-0.0824738],[-0.00601834,0.922971,-0.384821],[-0.0918522,0.382691,0.919299]]],1],[502,[0.0033034,-0.212926,-0.977063],50,54.1222,[-157.34,282.364,-68.8367],[-169.105,286.338,-66.7123],[-18.7808,-12.97,2.59359],false,[-168.056,267.242,55.548],[-166.169,291.684,4.8072],[-169.831,295.725,-33.7412],[-169.755,290.834,-56.1829],[-168.632,284.323,-69.8476],[[[-0.969823,-0.203593,-0.134139],[-0.241499,0.877734,0.413837],[-0.0334839,-0.433743,0.900414]],[[-0.954799,-0.29109,0.0602077],[-0.281971,0.951049,0.12648],[0.0940777,-0.103787,0.99014]],[[-0.954799,-0.29109,0.0602077],[-0.297233,0.9327,-0.204264],[-0.0033034,0.212926,0.977063]],[[-0.954799,-0.29109,0.0602077],[-0.287888,0.855116,-0.431157],[-0.074021,0.429002,0.900266]]],2],[503,[-0.00881299,-0.149712,-0.98869],50,52.0399,[-177.283,282.117,-62.6689],[-187.476,284.786,-60.1395],[-18.4089,-14.3735,3.36196],false,[-177.785,266.157,53.9278],[-183.683,287.246,8.31658],[-188.07,291.966,-27.1918],[-188.267,288.616,-49.3141],[-187.146,283.386,-63.4258],[[[-0.943197,-0.330787,-0.0309856],[-0.311116,0.846671,0.431688],[0.116562,-0.416807,0.901491]],[[-0.925527,-0.373105,0.0647471],[-0.358639,0.918523,0.166414],[0.121562,-0.1308,0.983928]],[[-0.925527,-0.373105,0.0647471],[-0.378578,0.915631,-0.135274],[0.00881299,0.149712,0.98869]],[[-0.925527,-0.373105,0.0647471],[-0.371323,0.860637,-0.348459],[-0.0742879,0.34655,0.935085]]],3],[504,[-0.060929,-0.127047,-0.990024],50,40.7983,[-193.819,274.394,-44.5402],[-205.942,278.171,-42.1693],[-18.97,-13.0587,4.15172],false,[-186.733,259.297,51.685],[-198.807,279.337,11.1122],[-205.546,283.065,-16.3901],[-206.508,281.058,-32.0305],[-205.521,276.773,-45.2402],[[[-0.858909,-0.512121,0.00266182],[-0.442502,0.744742,0.499551],[0.257813,-0.427891,0.866281]],[[-0.814822,-0.566545,0.122849],[-0.529526,0.813628,0.240027],[0.235939,-0.130527,0.962962]],[[-0.814822,-0.566545,0.122849],[-0.5765,0.814178,-0.0690013],[0.060929,0.127047,0.990024]],[[-0.814822,-0.566545,0.122849],[-0.575353,0.764395,-0.290981],[-0.0709482,0.307779,0.948809]]],4]],[[0,200,0],[235.247,235.247,147.751]]],[119042,1472764978209466,[[50,"left",[-0.0119156,0.560578,-0.828016],[0.0972018,-0.823504,-0.558922],[-168.167,277.053,19.5587],[-14.7435,-14.7631,1.9553],[-156.44,271.831,17.4151],0,0,1,[[-0.991798,-0.0729352,-0.104965],[-0.0949726,0.970113,0.223296],[-0.0855419,-0.231433,0.969083]],51.4677,[-192.769,204.467,268.69],[-174.114,254.939,57.3492]]],[[500,[0.447318,0.354592,-0.821079],50,42.0952,[-95.1539,275.263,-6.99792],[-104.814,279.974,-4.56004],[-18.2187,-6.38513,-2.02793],false,[-150.317,248.212,55.7909],[-150.317,248.212,55.7909],[-125.422,264.417,28.5279],[-113.103,274.183,5.91572],[-102.132,281.606,-7.56993],[[[-0.489728,0.810884,0.320364],[0.762106,0.219642,0.609058],[-0.42351,-0.542425,0.725544]],[[-0.397627,0.901175,0.172558],[0.678709,0.162321,0.716244],[-0.617452,-0.401914,0.676179]],[[-0.397627,0.901175,0.172558],[0.801124,0.249295,0.544107],[-0.447318,-0.354592,0.821079]],[[-0.397627,0.901175,0.172558],[0.710656,0.183513,0.679184],[-0.580397,-0.392691,0.713396]]],0],[501,[0.0876672,-0.172643,-0.981075],50,47.4998,[-132.412,285.362,-60.5751],[-143.371,289.243,-58.52],[-19.5684,-15.4699,0.816389],false,[-158.439,265.496,57.1707],[-148.453,291.572,4.7164],[-145.832,296.151,-29.5816],[-144.12,292.78,-48.735],[-142.859,287.498,-61.4219],[[[-0.983066,0.00821474,-0.183068],[-0.0730819,0.898539,0.432766],[-0.168049,-0.438817,0.882723]],[[-0.99579,-0.0416665,-0.0816498],[-0.0519561,0.99038,0.128252],[-0.0755205,-0.131954,0.988375]],[[-0.99579,-0.0416665,-0.0816498],[-0.0267816,0.984103,-0.175569],[-0.0876672,0.172643,0.981075]],[[-0.99579,-0.0416665,-0.0816498],[-0.00705308,0.922911,-0.384949],[-0.091395,0.382753,0.919319]]],1],[502,[0.00249211,-0.212253,-0.977212],50,54.1222,[-157.468,282.401,-68.8133],[-169.33,286.197,-66.699],[-20.3037,-13.4607,2.21759],false,[-168.131,267.021,55.5446],[-166.327,291.509,4.82255],[-170.031,295.562,-33.7205],[-169.974,290.687,-56.1656],[-168.859,284.189,-69.8375],[[[-0.969773,-0.204447,-0.133202],[-0.241901,0.87714,0.414861],[-0.0320193,-0.434543,0.900082]],[[-0.954448,-0.292075,0.0610053],[-0.282803,0.950711,0.127165],[0.0951402,-0.10412,0.990004]],[[-0.954448,-0.292075,0.0610053],[-0.298367,0.932546,-0.203312],[-0.00249211,0.212253,0.977212]],[[-0.954448,-0.292075,0.0610053],[-0.289199,0.855225,-0.430062],[-0.0734368,0.428114,0.900736]]],2],[503,[-0.00963326,-0.149127,-0.988771],50,52.0399,[-177.417,282.147,-62.6361],[-187.693,284.63,-60.1063],[-19.7158,-15.1099,3.43758],false,[-177.862,265.928,53.9346],[-183.832,287.049,8.3482],[-188.259,291.787,-27.1529],[-188.475,288.451,-49.277],[-187.362,283.23,-63.393],[[[-0.942901,-0.331702,-0.0301877],[-0.311466,0.845992,0.432766],[0.118011,-0.417458,0.901001]],[[-0.925094,-0.374058,0.0654285],[-0.359381,0.918065,0.167335],[0.122661,-0.131287,0.983727]],[[-0.925094,-0.374058,0.0654285],[-0.379615,0.915337,-0.134353],[0.00963326,0.149127,0.988771]],[[-0.925094,-0.374058,0.0654285],[-0.372514,0.860481,-0.34757],[-0.0737116,0.345909,0.935368]]],3],[504,[-0.0619557,-0.126527,-0.990027],50,40.7983,[-193.941,274.426,-44.5162],[-206.134,277.973,-42.123],[-19.5219,-15.3805,4.33599],false,[-186.805,259.061,51.6962],[-198.946,279.124,11.1544],[-205.714,282.849,-16.3412],[-206.692,280.85,-31.9816],[-205.719,276.578,-45.1967],[[[-0.858394,-0.512981,0.00320854],[-0.442672,0.743875,0.500692],[0.259232,-0.428371,0.86562]],[[-0.814039,-0.567534,0.123474],[-0.530276,0.812954,0.240651],[0.236957,-0.130424,0.962726]],[[-0.814039,-0.567534,0.123474],[-0.577497,0.81357,-0.0678355],[0.0619557,0.126527,0.990027]],[[-0.814039,-0.567534,0.123474],[-0.576585,0.764048,-0.289447],[-0.0699308,0.306814,0.949197]]],4]],[[0,200,0],[235.247,235.247,147.751]]],[119043,1472764978217651,[[50,"left",[-0.012829,0.561075,-0.827666],[0.0970655,-0.823126,-0.559502],[-168.318,276.849,19.5636],[-15.6671,-17.3279,1.60962],[-156.537,271.872,17.4327],0,0,1,[[-0.991744,-0.0730718,-0.105382],[-0.0951422,0.970255,0.222604],[-0.0859811,-0.230792,0.969197]],51.4677,[-192.975,204.378,268.711],[-174.224,254.71,57.3456]]],[[500,[0.446833,0.355342,-0.821019],50,42.0952,[-95.2335,275.3,-6.97741],[-104.976,279.809,-4.60053],[-18.5602,-9.80522,-2.73753],false,[-150.426,247.994,55.7634],[-150.426,247.994,55.7634],[-125.563,264.223,28.4856],[-113.258,274.009,5.87505],[-102.294,281.446,-7.60913],[[[-0.489785,0.810494,0.321263],[0.762525,0.219578,0.608557],[-0.422689,-0.543033,0.725568]],[[-0.397827,0.900923,0.173411],[0.679318,0.162214,0.715691],[-0.616653,-0.402522,0.676546]],[[-0.397827,0.900923,0.173411],[0.801295,0.249138,0.543927],[-0.446833,-0.355342,0.821019]],[[-0.397827,0.900923,0.173411],[0.710867,0.183199,0.679048],[-0.580001,-0.393416,0.713318]]],0],[501,[0.0870455,-0.172593,-0.981139],50,47.4998,[-132.521,285.393,-60.5546],[-143.58,289.059,-58.5266],[-21.1453,-17.2401,0.398592],false,[-158.553,265.273,57.1604],[-148.621,291.385,4.71363],[-146.025,295.965,-29.5861],[-144.326,292.595,-48.7408],[-143.072,287.315,-61.429],[[[-0.983221,0.00793228,-0.182245],[-0.0730807,0.898247,0.433372],[-0.167138,-0.439419,0.882596]],[[-0.995833,-0.0419558,-0.0809686],[-0.0521564,0.990364,0.128291],[-0.0748058,-0.131979,0.988426]],[[-0.995833,-0.0419558,-0.0809686],[-0.0271899,0.984099,-0.175526],[-0.0870455,0.172593,0.98114]],[[-0.995833,-0.0419558,-0.0809686],[-0.0075928,0.922943,-0.384861],[-0.0908766,0.382643,0.919416]]],1],[502,[0.00195909,-0.212286,-0.977206],50,54.1222,[-157.585,282.431,-68.7923],[-169.537,285.987,-66.6889],[-21.5548,-16.7433,1.89999],false,[-168.248,266.795,55.5433],[-166.495,291.314,4.83462],[-170.219,295.341,-33.7094],[-170.174,290.465,-56.1544],[-169.068,283.974,-69.8306],[[[-0.969801,-0.204754,-0.132518],[-0.241906,0.876791,0.415594],[-0.0310963,-0.435101,0.899845]],[[-0.954279,-0.292496,0.061628],[-0.283206,0.950658,0.126663],[0.0956356,-0.103419,0.99003]],[[-0.954279,-0.292496,0.061628],[-0.298911,0.932406,-0.203153],[-0.00195909,0.212286,0.977206]],[[-0.954279,-0.292496,0.061628],[-0.289897,0.855333,-0.429378],[-0.0728787,0.427612,0.90102]]],2],[503,[-0.0104552,-0.148384,-0.988875],50,52.0399,[-177.538,282.172,-62.607],[-187.914,284.468,-60.0822],[-21.5791,-16.1931,3.28914],false,[-177.979,265.7,53.9408],[-183.996,286.846,8.37214],[-188.453,291.602,-27.1228],[-188.687,288.282,-49.2492],[-187.586,283.075,-63.371],[[[-0.942793,-0.332061,-0.029604],[-0.311443,0.845605,0.433538],[0.118928,-0.417956,0.900649]],[[-0.924891,-0.374467,0.0659686],[-0.359615,0.917829,0.168129],[0.123507,-0.131778,0.983555]],[[-0.924891,-0.374467,0.0659686],[-0.380089,0.915291,-0.133324],[0.0104552,0.148384,0.988875]],[[-0.924891,-0.374467,0.0659686],[-0.373169,0.860656,-0.346432],[-0.0729509,0.345029,0.935753]]],3],[504,[-0.0623986,-0.127298,-0.9899],50,40.7983,[-194.053,274.452,-44.4943],[-206.318,277.727,-42.0884],[-20.2995,-19.4965,4.29488],false,[-186.921,258.83,51.7056],[-199.104,278.913,11.1861],[-205.887,282.606,-16.3101],[-206.873,280.595,-31.9485],[-205.905,276.318,-45.1623],[[[-0.858186,-0.513326,0.00361203],[-0.442552,0.743394,0.501511],[0.260124,-0.428791,0.865144]],[[-0.813474,-0.568155,0.124341],[-0.530909,0.812697,0.240123],[0.237478,-0.12932,0.962746]],[[-0.813474,-0.568155,0.124341],[-0.578245,0.813016,-0.0681018],[0.0623986,0.127298,0.9899]],[[-0.813474,-0.568155,0.124341],[-0.577435,0.763428,-0.289392],[-0.0694941,0.307211,0.949101]]],4]],[[0,200,0],[235.247,235.247,147.751]]],[119044,1472764978227299,[[50,"left",[-0.0133859,0.561248,-0.82754],[0.0964618,-0.823029,-0.559749],[-168.498,276.61,19.5909],[-16.5358,-19.482,1.96539],[-156.658,271.92,17.4544],0,0,1,[[-0.991772,-0.0727552,-0.105331],[-0.0947578,0.970455,0.221895],[-0.0860753,-0.23005,0.969365]],51.4677,[-193.15,204.295,268.775],[-174.378,254.465,57.3731]]],[[500,[0.446522,0.355366,-0.821178],50,42.0952,[-95.3308,275.342,-6.95307],[-105.168,279.557,-4.62287],[-18.9362,-14.6503,-2.68713],false,[-150.583,247.744,55.7704],[-150.583,247.744,55.7704],[-125.741,263.969,28.4704],[-113.444,273.755,5.85551],[-102.487,281.191,-7.63543],[[[-0.489375,0.81052,0.321822],[0.763054,0.219308,0.607991],[-0.422211,-0.543103,0.725794]],[[-0.397444,0.901016,0.173803],[0.680012,0.162022,0.715075],[-0.616134,-0.402391,0.677097]],[[-0.397444,0.901016,0.173803],[0.801658,0.248766,0.543562],[-0.446522,-0.355366,0.821178]],[[-0.397444,0.901016,0.173803],[0.711397,0.182907,0.678572],[-0.579614,-0.393338,0.713676]]],0],[501,[0.0867092,-0.174474,-0.980837],50,47.4998,[-132.657,285.427,-60.5293],[-143.787,288.721,-58.5096],[-21.2028,-23.0415,0.826788],false,[-158.705,265.025,57.1775],[-148.81,291.146,4.72817],[-146.22,295.66,-29.5807],[-144.527,292.254,-48.7294],[-143.279,286.951,-61.409],[[[-0.983365,0.00815546,-0.181455],[-0.0725638,0.898172,0.433615],[-0.166514,-0.439569,0.882639]],[[-0.995877,-0.0415201,-0.0806531],[-0.0515428,0.990632,0.126456],[-0.0746471,-0.130092,0.988688]],[[-0.995877,-0.0415201,-0.0806531],[-0.0266526,0.983786,-0.177355],[-0.0867092,0.174474,0.980837]],[[-0.995877,-0.0415201,-0.0806531],[-0.00715676,0.922293,-0.386426],[-0.0904302,0.384256,0.918787]]],1],[502,[0.00124341,-0.212292,-0.977205],50,54.1222,[-157.73,282.465,-68.7665],[-169.775,285.748,-66.6578],[-22.5184,-18.9428,2.28527],false,[-168.401,266.549,55.5685],[-166.684,291.079,4.86346],[-170.434,295.107,-33.6779],[-170.405,290.231,-56.1228],[-169.31,283.74,-69.7997],[[[-0.969946,-0.204544,-0.131783],[-0.241407,0.876752,0.415968],[-0.0304577,-0.43528,0.89978]],[[-0.954293,-0.29231,0.0622884],[-0.28293,0.95071,0.126891],[0.0963098,-0.103468,0.989959]],[[-0.954293,-0.29231,0.0622884],[-0.29887,0.932463,-0.202953],[-0.00124341,0.212292,0.977205]],[[-0.954293,-0.29231,0.0622884],[-0.290026,0.855381,-0.429194],[-0.0721772,0.427642,0.901062]]],2],[503,[-0.0112244,-0.148222,-0.98889],50,52.0399,[-177.685,282.198,-62.5718],[-188.152,284.242,-60.0394],[-22.444,-18.3133,3.61495],false,[-178.134,265.456,53.9735],[-184.183,286.613,8.41408],[-188.663,291.368,-27.078],[-188.915,288.052,-49.2048],[-187.826,282.849,-63.3291],[[[-0.942879,-0.331877,-0.028917],[-0.310936,0.845575,0.433961],[0.11957,-0.418164,0.900468]],[[-0.924916,-0.374292,0.0665999],[-0.35933,0.9179,0.168348],[0.124143,-0.131776,0.983475]],[[-0.924916,-0.374292,0.0665999],[-0.380005,0.915388,-0.132892],[0.0112244,0.148222,0.98889]],[[-0.924916,-0.374292,0.0665999],[-0.373267,0.860844,-0.345859],[-0.07212,0.34475,0.93592]]],3],[504,[-0.0633172,-0.127713,-0.989788],50,40.7983,[-194.192,274.482,-44.4669],[-206.542,277.469,-42.0331],[-21.3733,-21.7323,4.69806],false,[-187.079,258.588,51.7441],[-199.291,278.682,11.2385],[-206.092,282.351,-16.2563],[-207.092,280.333,-31.8929],[-206.14,276.056,-45.1077],[[[-0.85828,-0.513165,0.0041939],[-0.44201,0.743374,0.502018],[0.260736,-0.429018,0.864847]],[[-0.813274,-0.56822,0.125343],[-0.530921,0.812786,0.239794],[0.238133,-0.128471,0.962698]],[[-0.813274,-0.56822,0.125343],[-0.578425,0.812906,-0.0678878],[0.0633172,0.127713,0.989788]],[[-0.813274,-0.56822,0.125343],[-0.577849,0.763365,-0.288728],[-0.0683783,0.307245,0.949171]]],4]],[[0,200,0],[235.247,235.247,147.751]]],[119045,1472764978234846,[[50,"left",[-0.0126249,0.56135,-0.827482],[0.0966239,-0.82299,-0.559778],[-168.775,276.334,19.6877],[-21.3138,-23.5286,4.5306],[-156.758,271.957,17.4729],0,0,1,[[-0.991877,-0.0729616,-0.104195],[-0.0946081,0.970698,0.220893],[-0.0850253,-0.228957,0.969716]],51.4677,[-193.232,204.254,268.942],[-174.689,254.185,57.463]]],[[500,[0.44762,0.354975,-0.820749],50,42.0952,[-95.4122,275.373,-6.9321],[-105.413,279.242,-4.48193],[-22.0376,-21.3905,2.19069],false,[-150.895,247.458,55.8767],[-150.895,247.458,55.8767],[-126.028,263.66,28.5852],[-113.701,273.436,5.98211],[-102.724,280.863,-7.497],[[[-0.489369,0.810625,0.321567],[0.762679,0.219012,0.608567],[-0.422893,-0.543066,0.725425]],[[-0.397064,0.901289,0.173258],[0.679689,0.161912,0.715407],[-0.616735,-0.401824,0.676886]],[[-0.397064,0.901289,0.173258],[0.801235,0.248336,0.544382],[-0.44762,-0.354975,0.820749]],[[-0.397064,0.901289,0.173258],[0.710736,0.182518,0.679368],[-0.580685,-0.392894,0.71305]]],0],[501,[0.0875104,-0.174909,-0.980688],50,47.4998,[-132.769,285.452,-60.5075],[-143.992,288.406,-58.3926],[-22.6769,-27.4507,4.27548],false,[-159.013,264.741,57.2801],[-149.073,290.865,4.84097],[-146.45,295.356,-29.4686],[-144.741,291.941,-48.6144],[-143.484,286.636,-61.292],[[[-0.983232,0.00846554,-0.182163],[-0.072613,0.898141,0.43367],[-0.167279,-0.439626,0.882466]],[[-0.995822,-0.0411471,-0.0815221],[-0.0512312,0.990739,0.125747],[-0.075593,-0.129398,0.988707]],[[-0.995822,-0.0411471,-0.0815221],[-0.0260935,0.983724,-0.177779],[-0.0875104,0.174909,0.980688]],[[-0.995822,-0.0411471,-0.0815221],[-0.00645967,0.922235,-0.386577],[-0.091089,0.384435,0.918647]]],1],[502,[0.0021112,-0.212526,-0.977153],50,54.1222,[-157.849,282.489,-68.7447],[-169.973,285.456,-66.5595],[-23.3534,-23.5229,4.83786],false,[-168.707,266.269,55.6642],[-166.947,290.803,4.96337],[-170.659,294.826,-33.5822],[-170.611,289.944,-56.026],[-169.504,283.45,-69.7002],[[[-0.969911,-0.204243,-0.132507],[-0.24145,0.876772,0.415899],[-0.0312338,-0.435379,0.899705]],[[-0.954447,-0.291986,0.0614432],[-0.282738,0.950826,0.126447],[0.0953424,-0.103314,0.990069]],[[-0.954447,-0.291986,0.0614432],[-0.298373,0.932511,-0.203461],[-0.0021112,0.212526,0.977153]],[[-0.954447,-0.291986,0.0614432],[-0.289337,0.85537,-0.429682],[-0.0729042,0.427886,0.900888]]],2],[503,[-0.0105646,-0.148083,-0.988918],50,52.0399,[-177.804,282.216,-62.5429],[-188.368,283.977,-59.9571],[-23.9303,-22.263,5.32555],false,[-178.439,265.178,54.0621],[-184.45,286.342,8.50084],[-188.901,291.098,-26.9949],[-189.137,287.785,-49.1223],[-188.041,282.585,-63.2472],[[[-0.942956,-0.331597,-0.0296364],[-0.311001,0.845614,0.433838],[0.118798,-0.418307,0.900503]],[[-0.925073,-0.374029,0.0658907],[-0.359203,0.918006,0.16804],[0.12334,-0.131782,0.983576]],[[-0.925073,-0.374029,0.0658907],[-0.379642,0.915518,-0.133036],[0.0105646,0.148083,0.988918]],[[-0.925073,-0.374029,0.0658907],[-0.372779,0.861051,-0.345872],[-0.072631,0.344519,0.935965]]],3],[504,[-0.061994,-0.129073,-0.989695],50,40.7983,[-194.308,274.502,-44.4438],[-206.743,277.137,-41.9687],[-22.4417,-27.4915,5.54082],false,[-187.385,258.314,51.8254],[-199.562,278.415,11.3135],[-206.318,282.033,-16.1991],[-207.298,279.994,-31.8342],[-206.332,275.705,-45.0442],[[[-0.858433,-0.512914,0.00351382],[-0.442153,0.743444,0.501789],[0.259987,-0.429198,0.864983]],[[-0.813374,-0.568143,0.125045],[-0.531461,0.813121,0.237451],[0.236583,-0.12668,0.963318]],[[-0.813374,-0.568143,0.125045],[-0.578428,0.812745,-0.0697631],[0.061994,0.129073,0.989695]],[[-0.813374,-0.568143,0.125045],[-0.577594,0.763079,-0.289993],[-0.0693387,0.308098,0.948824]]],4]],[[0,200,0],[235.247,235.247,147.751]]],[119046,1472764978243486,[[50,"left",[-0.0126613,0.560634,-0.827967],[0.0967072,-0.823465,-0.559065],[-169.056,276.076,19.8144],[-24.2781,-25.2169,7.21564],[-156.882,271.998,17.4965],0,0,1,[[-0.991943,-0.0733593,-0.103283],[-0.0946932,0.970935,0.219815],[-0.0841554,-0.227825,0.970059]],51.4677,[-193.322,204.275,269.162],[-174.969,253.959,57.6086]]],[[500,[0.447772,0.354125,-0.821034],50,42.0952,[-95.514,275.408,-6.90541],[-105.688,278.956,-4.36035],[-24.7238,-24.6599,5.17902],false,[-151.173,247.233,56.0286],[-151.173,247.233,56.0286],[-126.31,263.403,28.7159],[-113.979,273.156,6.10495],[-103.002,280.568,-7.38267],[[[-0.489447,0.810859,0.320858],[0.762649,0.219606,0.608391],[-0.422856,-0.542477,0.725886]],[[-0.397031,0.901488,0.172296],[0.679779,0.162705,0.715142],[-0.616659,-0.401056,0.677411]],[[-0.397031,0.901488,0.172296],[0.801166,0.248826,0.544259],[-0.447772,-0.354125,0.821034]],[[-0.397031,0.901488,0.172296],[0.710769,0.183235,0.67914],[-0.580667,-0.392102,0.7135]]],0],[501,[0.0877497,-0.17627,-0.980423],50,47.4998,[-132.909,285.477,-60.4795],[-144.257,288.045,-58.2742],[-24.8183,-31.2013,6.79509],false,[-159.294,264.516,57.4169],[-149.355,290.596,4.95537],[-146.723,295.035,-29.3601],[-145.009,291.594,-48.5007],[-143.749,286.272,-61.1713],[[[-0.98323,0.00822003,-0.182187],[-0.0727008,0.898509,0.432893],[-0.167255,-0.438878,0.882843]],[[-0.995803,-0.041202,-0.0817186],[-0.0511976,0.990928,0.124263],[-0.0758573,-0.127925,0.988879]],[[-0.995803,-0.041202,-0.0817186],[-0.0259908,0.983479,-0.179145],[-0.0877497,0.17627,0.980423]],[[-0.995803,-0.041202,-0.0817186],[-0.00631881,0.921747,-0.387739],[-0.0912995,0.385596,0.91814]]],1],[502,[0.00300529,-0.214918,-0.976628],50,54.1222,[-157.995,282.513,-68.7168],[-170.204,285.032,-66.4348],[-23.8727,-30.7487,7.45924],false,[-168.988,266.041,55.7995],[-167.229,290.533,5.07753],[-170.908,294.468,-33.4802],[-170.839,289.531,-55.9119],[-169.72,283.003,-69.5691],[[[-0.96989,-0.204445,-0.132347],[-0.241535,0.87711,0.415138],[-0.03121,-0.434604,0.900081]],[[-0.954497,-0.291854,0.0612885],[-0.282851,0.951107,0.124059],[0.0944991,-0.101079,0.99038]],[[-0.954497,-0.291854,0.0612885],[-0.298205,0.932004,-0.206015],[-0.00300529,0.214918,0.976628]],[[-0.954497,-0.291854,0.0612885],[-0.28896,0.854306,-0.432045],[-0.073735,0.430096,0.899767]]],2],[503,[-0.0101882,-0.149549,-0.988702],50,52.0399,[-177.948,282.232,-62.5072],[-188.629,283.611,-59.8402],[-25.3605,-27.9745,7.50803],false,[-178.72,264.949,54.1982],[-184.731,286.073,8.61855],[-189.166,290.766,-26.8876],[-189.394,287.419,-49.0102],[-188.294,282.203,-63.1286],[[[-0.942925,-0.331707,-0.0293658],[-0.311084,0.84596,0.433102],[0.118821,-0.417518,0.900866]],[[-0.925063,-0.374016,0.0661054],[-0.359386,0.918262,0.166245],[0.12288,-0.130029,0.983866]],[[-0.925063,-0.374016,0.0661054],[-0.379676,0.915285,-0.134532],[0.0101882,0.149549,0.988702]],[[-0.925063,-0.374016,0.0661054],[-0.372753,0.860607,-0.347003],[-0.0728941,0.345641,0.935531]]],3],[504,[-0.0620619,-0.129958,-0.989575],50,40.7983,[-194.452,274.524,-44.4143],[-207.022,276.812,-41.845],[-25.1546,-30.0597,7.87346],false,[-187.665,258.081,51.9673],[-199.842,278.147,11.4378],[-206.598,281.733,-16.0793],[-207.578,279.68,-31.7125],[-206.615,275.381,-44.9197],[[[-0.858387,-0.512987,0.00394235],[-0.442229,0.743837,0.501139],[0.26001,-0.428428,0.865358]],[[-0.813282,-0.568148,0.125619],[-0.531623,0.813291,0.236506],[0.236535,-0.125565,0.963475]],[[-0.813282,-0.568148,0.125619],[-0.57855,0.8126,-0.0704323],[0.0620619,0.129958,0.989575]],[[-0.813282,-0.568148,0.125619],[-0.577743,0.762809,-0.290406],[-0.0691707,0.308758,0.948622]]],4]],[[0,200,0],[235.247,235.247,147.751]]],[119047,1472764978252255,[[50,"left",[-0.0108851,0.560305,-0.828215],[0.0946189,-0.82397,-0.558677],[-169.377,275.748,19.9829],[-27.5959,-28.4884,10.4408],[-157.02,272.039,17.5239],0,0,1,[[-0.992301,-0.0712007,-0.101341],[-0.0921048,0.971262,0.219468],[-0.0828024,-0.227112,0.970342]],51.4677,[-193.419,204.135,269.401],[-175.361,253.664,57.7851]]],[[500,[0.449446,0.351822,-0.821108],50,42.0952,[-95.6318,275.441,-6.87335],[-105.97,278.403,-4.17736],[-26.531,-35.5931,9.17233],false,[-151.584,246.872,56.215],[-151.584,246.872,56.215],[-126.666,262.93,28.8859],[-114.288,272.619,6.27298],[-103.268,279.984,-7.20456],[[[-0.487322,0.812334,0.32036],[0.763069,0.217786,0.608519],[-0.424551,-0.541001,0.725998]],[[-0.394182,0.902959,0.171131],[0.680195,0.16142,0.715037],[-0.618025,-0.398258,0.677817]],[[-0.394182,0.902959,0.171131],[0.801635,0.246752,0.544514],[-0.449446,-0.351822,0.821108]],[[-0.394182,0.902959,0.171131],[0.710456,0.181272,0.679994],[-0.582986,-0.389623,0.712967]]],0],[501,[0.0877374,-0.177417,-0.980217],50,47.4998,[-133.066,285.499,-60.4467],[-144.509,287.58,-58.1017],[-25.9389,-36.9909,10.2683],false,[-159.658,264.178,57.5933],[-149.632,290.208,5.12341],[-146.97,294.606,-29.195],[-145.257,291.142,-48.3316],[-144.006,285.807,-60.9972],[[[-0.98315,0.010829,-0.18248],[-0.0703704,0.898894,0.432479],[-0.168713,-0.438033,0.882985]],[[-0.995876,-0.0384217,-0.0821848],[-0.048414,0.991191,0.123273],[-0.0767245,-0.126743,0.988964]],[[-0.995876,-0.0384217,-0.0821848],[-0.0230806,0.983385,-0.180057],[-0.0877375,0.177417,0.980217]],[[-0.995876,-0.0384217,-0.0821848],[-0.00348848,0.92144,-0.388505],[-0.0906554,0.386616,0.917774]]],1],[502,[0.00270716,-0.215294,-0.976546],50,54.1222,[-158.155,282.535,-68.6846],[-170.474,284.667,-66.271],[-25.7895,-33.543,10.4688],false,[-169.347,265.729,55.9725],[-167.506,290.193,5.24033],[-171.162,294.121,-33.3203],[-171.1,289.176,-55.7501],[-169.995,282.641,-69.4049],[[[-0.970407,-0.20185,-0.132543],[-0.239258,0.877948,0.414684],[-0.0326625,-0.434124,0.900261]],[[-0.955314,-0.289206,0.0611114],[-0.280279,0.951934,0.123549],[0.093905,-0.100899,0.990455]],[[-0.955314,-0.289206,0.0611114],[-0.29558,0.932742,-0.206456],[-0.00270716,0.215294,0.976546]],[[-0.955314,-0.289206,0.0611114],[-0.286485,0.854956,-0.432409],[-0.0728077,0.430594,0.899604]]],2],[503,[-0.00971681,-0.151703,-0.988378],50,52.0399,[-178.104,282.243,-62.4671],[-188.881,283.225,-59.6778],[-26.0114,-33.2404,10.588],false,[-179.081,264.662,54.3688],[-185.022,285.783,8.77815],[-189.42,290.425,-26.7391],[-189.638,287.031,-48.8545],[-188.537,281.777,-62.959],[[[-0.94382,-0.32914,-0.0294988],[-0.308897,0.846997,0.432641],[0.117414,-0.417448,0.901083]],[[-0.926071,-0.371511,0.0661264],[-0.357126,0.919474,0.164405],[0.12188,-0.128635,0.984174]],[[-0.926071,-0.371511,0.0661264],[-0.377225,0.915951,-0.136878],[0.00971681,0.151703,0.988378]],[[-0.926071,-0.371511,0.0661264],[-0.370239,0.860696,-0.349465],[-0.0729153,0.348112,0.934613]]],3],[504,[-0.0621797,-0.130435,-0.989505],50,40.7983,[-194.61,274.544,-44.3808],[-207.321,276.545,-41.689],[-27.7109,-30.1421,10.5554],false,[-188.044,257.818,52.1382],[-200.155,277.9,11.5964],[-206.893,281.482,-15.9256],[-207.875,279.421,-31.5578],[-206.921,275.113,-44.7625],[[[-0.859788,-0.510636,0.0039134],[-0.44034,0.745263,0.500684],[0.258584,-0.428759,0.865621]],[[-0.814793,-0.565938,0.125802],[-0.529587,0.814851,0.235701],[0.235902,-0.125424,0.963649]],[[-0.814793,-0.565938,0.125802],[-0.576408,0.814064,-0.0710877],[0.0621797,0.130435,0.989505]],[[-0.814793,-0.565938,0.125802],[-0.575692,0.764173,-0.290891],[-0.0684919,0.309439,0.948449]]],4]],[[0,200,0],[235.247,235.247,147.751]]],[119048,1472764978260849,[[50,"left",[-0.0105438,0.560187,-0.828299],[0.0946631,-0.824066,-0.558529],[-169.636,275.314,20.1559],[-28.2584,-34.297,12.9981],[-157.169,272.078,17.5549],0,0,1,[[-0.99231,-0.0711645,-0.10127],[-0.0920148,0.971372,0.219018],[-0.082785,-0.226652,0.970451]],51.4677,[-193.689,203.808,269.599],[-175.635,253.237,57.9595]]],[[500,[0.449833,0.351426,-0.821066],50,42.0952,[-95.7628,275.471,-6.83621],[-106.216,277.943,-3.9888],[-27.1637,-40.4913,12.3974],false,[-151.859,246.441,56.3976],[-151.859,246.441,56.3976],[-126.93,262.481,29.0679],[-114.542,272.159,6.45607],[-103.515,279.517,-7.02053],[[[-0.487295,0.812456,0.320093],[0.762915,0.217756,0.608722],[-0.424858,-0.540831,0.725946]],[[-0.393978,0.903129,0.170703],[0.680083,0.16151,0.715124],[-0.618279,-0.397835,0.677834]],[[-0.393978,0.903129,0.170703],[0.801518,0.246694,0.544712],[-0.449833,-0.351426,0.821066]],[[-0.393978,0.903129,0.170703],[0.710296,0.1813,0.680154],[-0.583318,-0.389215,0.712917]]],0],[501,[0.0881105,-0.177882,-0.980099],50,47.4998,[-133.233,285.514,-60.4094],[-144.733,287.106,-57.9217],[-26.0291,-41.6778,13.089],false,[-159.93,263.748,57.771],[-149.884,289.768,5.30037],[-147.206,294.148,-29.0192],[-145.486,290.675,-48.1535],[-144.231,285.335,-60.8166],[[[-0.983092,0.0109547,-0.182784],[-0.0703643,0.898967,0.432328],[-0.169053,-0.437879,0.882997]],[[-0.99585,-0.0382296,-0.0825881],[-0.0482327,0.991266,0.122739],[-0.0771745,-0.126213,0.988997]],[[-0.99585,-0.0382296,-0.0825881],[-0.0227779,0.983309,-0.180512],[-0.0881105,0.177882,0.980099]],[[-0.99585,-0.0382296,-0.0825881],[-0.00311905,0.921294,-0.388853],[-0.0909536,0.386982,0.917591]]],1],[502,[0.0044621,-0.218797,-0.97576],50,54.1222,[-158.33,282.548,-68.6475],[-170.621,284.03,-66.0869],[-22.763,-45.8684,13.4495],false,[-169.618,265.3,56.1469],[-167.758,289.757,5.4118],[-171.343,293.547,-33.1693],[-171.241,288.521,-55.5811],[-170.113,281.941,-69.2125],[[[-0.970397,-0.201719,-0.132812],[-0.239249,0.878045,0.414483],[-0.0330065,-0.433988,0.900314]],[[-0.955465,-0.288857,0.0604018],[-0.280372,0.95241,0.119611],[0.0920778,-0.0973494,0.990982]],[[-0.955465,-0.288857,0.0604018],[-0.295071,0.932035,-0.210342],[-0.0044621,0.218797,0.97576]],[[-0.955465,-0.288857,0.0604018],[-0.285599,0.853581,-0.435697],[-0.0742965,0.433544,0.898064]]],2],[503,[-0.00828617,-0.153836,-0.988062],50,52.0399,[-178.268,282.245,-62.4227],[-189.062,282.689,-59.5106],[-23.9729,-41.9861,13.0063],false,[-179.352,264.235,54.5404],[-185.276,285.35,8.94486],[-189.625,289.927,-26.5869],[-189.811,286.485,-48.6951],[-188.69,281.2,-62.7862],[[[-0.943862,-0.328998,-0.0297414],[-0.308898,0.847108,0.432424],[0.117072,-0.417335,0.90118]],[[-0.926228,-0.371218,0.0655643],[-0.357177,0.919843,0.162217],[0.120527,-0.126832,0.984575]],[[-0.926228,-0.371218,0.0655643],[-0.376873,0.915714,-0.139411],[0.00828617,0.153836,0.988062]],[[-0.926228,-0.371218,0.0655643],[-0.369576,0.859969,-0.351948],[-0.0742663,0.350215,0.93372]]],3],[504,[-0.0618235,-0.130819,-0.989477],50,40.7983,[-194.779,274.558,-44.3437],[-207.554,276.089,-41.5295],[-27.5977,-36.1234,12.67],false,[-188.316,257.392,52.3081],[-200.411,277.469,11.7596],[-207.135,281.037,-15.7676],[-208.112,278.97,-31.3993],[-207.155,274.658,-44.6027],[[[-0.859868,-0.510503,0.00372292],[-0.440378,0.745403,0.500441],[0.258251,-0.428673,0.865763]],[[-0.81488,-0.565831,0.125723],[-0.52966,0.815005,0.235005],[0.235438,-0.12491,0.963829]],[[-0.81488,-0.565831,0.125723],[-0.576324,0.814077,-0.0716199],[0.0618235,0.130819,0.989477]],[[-0.81488,-0.565831,0.125723],[-0.575542,0.764153,-0.291243],[-0.0687226,0.309687,0.948352]]],4]],[[0,200,0],[235.247,235.247,147.751]]],[119049,1472764978269565,[[50,"left",[-0.0116726,0.55964,-0.828654],[0.0946009,-0.824375,-0.558083],[-169.809,275,20.3308],[-26.032,-34.7379,14.8856],[-157.329,272.115,17.5902],0,0,1,[[-0.992269,-0.0715402,-0.101415],[-0.0923666,0.971468,0.218443],[-0.0828941,-0.226122,0.970566]],51.4677,[-193.837,203.631,269.819],[-175.759,252.944,58.1545]]],[[500,[0.448915,0.3508,-0.821836],50,42.0952,[-95.909,275.499,-6.79426],[-106.411,277.629,-3.88541],[-25.994,-39.5538,11.9951],false,[-151.98,246.161,56.574],[-151.98,246.161,56.574],[-127.088,262.184,29.2009],[-114.725,271.845,6.56792],[-103.718,279.192,-6.93065],[[[-0.487456,0.812381,0.320036],[0.763378,0.218596,0.60784],[-0.42384,-0.540604,0.72671]],[[-0.394149,0.903147,0.17021],[0.680795,0.162506,0.71422],[-0.617386,-0.397388,0.678909]],[[-0.394149,0.903147,0.17021],[0.801949,0.247516,0.543704],[-0.448915,-0.3508,0.821836]],[[-0.394149,0.903147,0.17021],[0.711076,0.182348,0.679058],[-0.582252,-0.388683,0.714079]]],0],[501,[0.0873725,-0.178888,-0.979982],50,47.4998,[-133.418,285.525,-60.3669],[-144.98,286.726,-57.7772],[-26.6795,-42.1155,14.0295],false,[-160.06,263.465,57.9439],[-150.081,289.457,5.44667],[-147.433,293.8,-28.88],[-145.728,290.307,-48.0121],[-144.481,284.955,-60.6708],[[[-0.983275,0.0102644,-0.181837],[-0.070468,0.899208,0.43181],[-0.167942,-0.437401,0.883445]],[[-0.9959,-0.0388085,-0.0817076],[-0.0486147,0.991379,0.121671],[-0.0762813,-0.125144,0.989202]],[[-0.9959,-0.0388085,-0.0817076],[-0.0234151,0.983104,-0.181546],[-0.0873725,0.178888,0.979982]],[[-0.9959,-0.0388085,-0.0817076],[-0.00390778,0.920904,-0.38977],[-0.0903712,0.387853,0.91728]]],1],[502,[0.00432225,-0.220796,-0.97531],50,54.1222,[-158.524,282.555,-68.6038],[-170.844,283.581,-65.9088],[-23.3348,-47.4823,15.423],false,[-169.751,265.011,56.3283],[-167.955,289.435,5.57544],[-171.558,293.164,-33.0099],[-171.459,288.093,-55.4113],[-170.33,281.481,-69.0274],[[[-0.970408,-0.202369,-0.13174],[-0.239358,0.878176,0.414143],[-0.0318812,-0.43342,0.900628]],[[-0.955289,-0.289261,0.0612511],[-0.280816,0.952445,0.118285],[0.0925536,-0.095796,0.991089]],[[-0.955289,-0.289261,0.0612511],[-0.295644,0.931438,-0.212174],[-0.00432225,0.220796,0.97531]],[[-0.955289,-0.289261,0.0612511],[-0.286165,0.85239,-0.437654],[-0.0743865,0.435614,0.897055]]],2],[503,[-0.00801591,-0.156381,-0.987664],50,52.0399,[-178.449,282.24,-62.3717],[-189.262,282.215,-59.3222],[-22.9729,-46.3111,15.3422],false,[-179.486,263.938,54.7318],[-185.466,285.02,9.12836],[-189.811,289.502,-26.4161],[-189.99,286.003,-48.5154],[-188.865,280.685,-62.5937],[[[-0.943699,-0.329566,-0.0286116],[-0.308972,0.84721,0.432171],[0.118189,-0.41668,0.901338]],[[-0.926034,-0.371563,0.0663466],[-0.357721,0.920063,0.159749],[0.1204,-0.1242,0.984925]],[[-0.926034,-0.371563,0.0663466],[-0.377354,0.915143,-0.141835],[0.00801591,0.156381,0.987664]],[[-0.926034,-0.371563,0.0663466],[-0.370002,0.858926,-0.35404],[-0.0745612,0.352402,0.932874]]],3],[504,[-0.0626587,-0.131706,-0.989306],50,40.7983,[-194.962,274.568,-44.301],[-207.782,275.696,-41.3203],[-27.2419,-38.4611,15.6903],false,[-188.448,257.089,52.5127],[-200.594,277.133,11.9629],[-207.342,280.666,-15.5628],[-208.332,278.585,-31.1918],[-207.387,274.265,-44.3933],[[[-0.859567,-0.511,0.0048895],[-0.440326,0.745474,0.500382],[0.25934,-0.427959,0.865791]],[[-0.814391,-0.566257,0.126966],[-0.530037,0.814891,0.23455],[0.236279,-0.123719,0.963777]],[[-0.814391,-0.566257,0.126966],[-0.576924,0.813638,-0.0717797],[0.0626587,0.131706,0.989306]],[[-0.814391,-0.566257,0.126966],[-0.576329,0.763595,-0.291148],[-0.0679137,0.310282,0.948215]]],4]],[[0,200,0],[235.247,235.247,147.751]]],[119050,1472764978278246,[[50,"left",[-0.0118101,0.560135,-0.828317],[0.0949767,-0.824002,-0.55857],[-170.069,274.569,20.478],[-27.0578,-38.7043,15.439],[-157.503,272.149,17.6295],0,0,1,[[-0.992266,-0.0720995,-0.101045],[-0.092722,0.971719,0.217176],[-0.0825288,-0.224865,0.970889]],51.4677,[-194.012,203.449,270.023],[-176.014,252.488,58.2879]]],[[500,[0.449958,0.3499,-0.82165],50,42.0952,[-96.0706,275.522,-6.74679],[-106.622,277.146,-3.74374],[-25.0654,-45.2255,12.6885],false,[-152.232,245.716,56.7057],[-152.232,245.716,56.7057],[-127.332,261.692,29.3125],[-114.941,271.328,6.68458],[-103.908,278.66,-6.80091],[[[-0.487804,0.811998,0.320477],[0.763234,0.218527,0.608046],[-0.4237,-0.541207,0.726343]],[[-0.393561,0.903581,0.169266],[0.680973,0.162855,0.713971],[-0.617565,-0.396256,0.679408]],[[-0.393561,0.903581,0.169266],[0.801653,0.247206,0.54428],[-0.449958,-0.3499,0.82165]],[[-0.393561,0.903581,0.169266],[0.710253,0.181968,0.680021],[-0.583653,-0.387851,0.713387]]],0],[501,[0.0877331,-0.178929,-0.979942],50,47.4998,[-133.617,285.529,-60.3195],[-145.221,286.306,-57.6186],[-26.9985,-43.8316,15.1451],false,[-160.319,263.015,58.0852],[-150.344,289.043,5.60457],[-147.687,293.377,-28.7224],[-145.974,289.884,-47.8536],[-144.721,284.534,-60.5127],[[[-0.983261,0.00999054,-0.181927],[-0.0708606,0.89892,0.432344],[-0.167857,-0.437999,0.883165]],[[-0.995865,-0.0390503,-0.0820283],[-0.0488749,0.991399,0.121401],[-0.0765821,-0.124908,0.989208]],[[-0.995865,-0.0390503,-0.0820283],[-0.0235898,0.983087,-0.181615],[-0.0877331,0.178929,0.979942]],[[-0.995865,-0.0390503,-0.0820283],[-0.00401888,0.920959,-0.389639],[-0.0907602,0.387698,0.917307]]],1],[502,[0.00473401,-0.220754,-0.975318],50,54.1222,[-158.735,282.556,-68.5548],[-171.08,283.162,-65.7539],[-24.4249,-47.6201,16.082],false,[-170.01,264.558,56.4695],[-168.218,289.014,5.73158],[-171.811,292.746,-32.8544],[-171.702,287.676,-55.2561],[-170.566,281.065,-68.8719],[[[-0.970316,-0.202668,-0.131956],[-0.239741,0.877833,0.414648],[-0.0317999,-0.433975,0.900364]],[[-0.955193,-0.289645,0.060922],[-0.281228,0.952321,0.118304],[0.0922834,-0.0958701,0.991107]],[[-0.955193,-0.289645,0.060922],[-0.295944,0.931329,-0.212234],[-0.00473401,0.220754,0.975318]],[[-0.955193,-0.289645,0.060922],[-0.286359,0.852291,-0.437719],[-0.0748597,0.435552,0.897045]]],2],[503,[-0.00468804,-0.161153,-0.986918],50,52.0399,[-178.646,282.22,-62.3132],[-189.374,281.585,-59.1605],[-18.357,-56.1661,16.3439],false,[-179.745,263.483,54.8715],[-185.728,284.59,9.28013],[-189.974,288.944,-26.2922],[-190.079,285.338,-48.3748],[-188.902,279.944,-62.4203],[[[-0.943568,-0.329916,-0.0289022],[-0.309344,0.846829,0.432651],[0.118263,-0.417176,0.901