{"metadata":{"formatVersion":2,"generatedBy":"LeapJS Playback 0.2.1","frames":469,"protocolVersion":6,"serviceVersion":"2.3.1+31549","frameRate":"1.1e+2","modified":"Wed Aug 31 2016 13:53:25 GMT-0400 (EDT)"},"frames":[["id","timestamp",{"hands":[["id","type","direction","palmNormal","palmPosition","palmVelocity","stabilizedPalmPosition","pinchStrength","grabStrength","confidence","armBasis","armWidth","elbow","wrist"]]},{"pointables":[["id","direction","handId","length","stabilizedTipPosition","tipPosition","tipVelocity","tool","carpPosition","mcpPosition","pipPosition","dipPosition","btipPosition","bases","type"]]},{"interactionBox":["center","size"]}],[33789,1472665997352788,[[67,"right",[-0.215124,0.606413,-0.765497],[-0.0837944,-0.79242,-0.604193],[-24.9072,301.489,42.4208],[-1.9278,-0.0505201,-0.387464],[-27.1654,304.349,41.4749],0,0,1,[[0.902687,0.182733,-0.389571],[0.0686743,0.832566,0.549653],[0.424783,-0.522918,0.738997]],57.7725,[96.6642,147.349,261.642],[-7.32208,275.358,80.7365]]],[[670,[-0.533881,0.250051,-0.807741],67,47.2519,[-99.0543,290.491,22.5601],[-97.6535,288.527,24.0764],[-3.09465,-1.95362,2.21514],false,[-32.6241,264.016,82.9148],[-32.6241,264.016,82.9148],[-68.122,276.628,57.8317],[-84.6259,284.358,32.8619],[-101.78,290.293,21.8728],[[[0.424497,0.853583,0.30199],[-0.661623,0.0647387,0.747036],[0.618107,-0.516918,0.592232]],[[0.245916,0.959898,0.134614],[-0.569506,0.0307086,0.821414],[0.78434,-0.278662,0.554219]],[[0.245916,0.959898,0.134614],[-0.80901,0.126769,0.573963],[0.533881,-0.250051,0.807741]],[[0.245916,0.959898,0.134614],[-0.534774,0.0185322,0.844792],[0.808419,-0.279736,0.517886]]],0],[671,[-0.296258,0.136935,-0.945241],67,53.3185,[-74.8065,330.735,-36.9186],[-73.4601,328.577,-36.6602],[-3.78775,1.7064,0.757583],false,[-26.1106,284.429,84.5813],[-51.7053,315.293,31.2749],[-63.5368,324.942,-4.5607],[-70.0291,327.943,-25.2751],[-74.4948,328.781,-40.0846],[[[0.923053,0.166715,-0.346669],[0.027175,0.870692,0.491078],[0.383712,-0.462711,0.799164]],[[0.951518,0.128042,-0.279676],[-0.048514,0.960332,0.274607],[0.303743,-0.247725,0.919985]],[[0.951518,0.128042,-0.279676],[-0.0827333,0.98227,0.168229],[0.296258,-0.136935,0.945241]],[[0.951518,0.128042,-0.279676],[-0.107279,0.990292,0.088391],[0.288279,-0.0541021,0.956017]]],1],[672,[-0.160823,0.176032,-0.971158],67,60.7522,[-46.0877,338.306,-51.6085],[-44.7793,336.411,-51.3235],[-3.92091,9.74811,1.85974],false,[-16.0795,287.861,81.0838],[-32.134,318.22,27.9625],[-38.3442,330.897,-13.3963],[-42.4906,335.436,-38.4349],[-45.4452,336.947,-55.1466],[[[0.948159,-0.0482223,-0.314115],[0.191255,0.875972,0.442826],[0.253802,-0.479945,0.839784]],[[0.975652,-0.120317,-0.183376],[0.16706,0.949411,0.265914],[0.142105,-0.290074,0.946395]],[[0.975652,-0.120317,-0.183376],[0.149127,0.977004,0.152396],[0.160823,-0.176032,0.971158]],[[0.975652,-0.120317,-0.183376],[0.134277,0.988765,0.0656696],[0.173414,-0.0886938,0.980847]]],2],[673,[-0.0925705,0.25693,-0.961986],67,58.4148,[-18.9803,342.782,-46.1901],[-17.5647,340.648,-45.8645],[-3.72231,2.30751,0.562776],false,[-5.60301,288.399,77.3391],[-11.5962,315.978,28.0549],[-13.6075,332.545,-8.85693],[-15.9325,338.998,-33.0185],[-18.0405,341.248,-49.6757],[[[0.95804,-0.184221,-0.219593],[0.266501,0.854542,0.445797],[0.105526,-0.485613,0.867781]],[[0.963333,-0.221243,-0.15179],[0.263673,0.885321,0.382991],[0.0496491,-0.408971,0.911196]],[[0.963333,-0.221243,-0.15179],[0.251832,0.940765,0.227029],[0.0925705,-0.25693,0.961986]],[[0.963333,-0.221243,-0.15179],[0.237706,0.966134,0.100399],[0.124437,-0.1328,0.9833]]],3],[674,[0.0764919,0.261638,-0.96213],67,45.7961,[11.2725,330.508,-31.1856],[13.0239,328.551,-30.5742],[-4.1443,7.2607,1.25898],false,[4.76879,282.452,72.4842],[6.71088,309.544,27.4716],[11.4543,322.22,-1.5903],[12.8107,326.86,-18.652],[13.1088,329.235,-34.0954],[[[0.906524,-0.377833,-0.188301],[0.420536,0.769204,0.481118],[-0.0369409,-0.515332,0.856194]],[[0.889696,-0.453514,-0.0525939],[0.431914,0.798743,0.418879],[-0.147959,-0.395391,0.906518]],[[0.889696,-0.453514,-0.0525939],[0.4501,0.85198,0.267469],[-0.0764919,-0.261638,0.96213]],[[0.889696,-0.453514,-0.0525939],[0.456155,0.878188,0.143904],[-0.0190751,-0.152022,0.988193]]],4]],[[0,200,0],[235.247,235.247,147.751]]],[33790,1472665997361616,[[67,"right",[-0.215452,0.606462,-0.765365],[-0.0831565,-0.79232,-0.604412],[-24.916,301.494,42.4157],[-1.67517,0.107213,-0.439136],[-27.161,304.343,41.4768],0,0,1,[[0.902762,0.183346,-0.389108],[0.0680858,0.832293,0.550138],[0.424718,-0.523137,0.738879]],57.7725,[96.6529,147.302,261.603],[-7.31739,275.365,80.7268]]],[[670,[-0.53388,0.249713,-0.807846],67,47.2519,[-99.0509,290.486,22.5652],[-97.6575,288.483,24.0664],[-2.35671,-3.16689,1.16876],false,[-32.6116,264.005,82.8988],[-32.6116,264.005,82.8988],[-68.1225,276.591,57.8213],[-84.6264,284.31,32.8482],[-101.784,290.234,21.8578],[[[0.423855,0.853803,0.302269],[-0.661766,0.0640752,0.746967],[0.618395,-0.516638,0.592177]],[[0.245103,0.960082,0.134789],[-0.569463,0.0300513,0.821468],[0.784625,-0.278101,0.554096]],[[0.245103,0.960082,0.134789],[-0.809257,0.126044,0.573773],[0.53388,-0.249713,0.807846]],[[0.245103,0.960082,0.134789],[-0.534896,0.0179612,0.844727],[0.808586,-0.279143,0.517946]]],0],[671,[-0.296237,0.137129,-0.945219],67,53.3185,[-74.8021,330.727,-36.9178],[-73.4779,328.574,-36.6637],[-3.30801,1.27558,0.475421],false,[-26.1128,284.422,84.5715],[-51.7223,315.282,31.2699],[-63.5559,324.936,-4.5636],[-70.0477,327.941,-25.2775],[-74.5123,328.783,-40.0871],[[[0.92298,0.167458,-0.346505],[0.0264966,0.870582,0.49131],[0.383935,-0.462651,0.799092]],[[0.951466,0.128783,-0.279512],[-0.0491927,0.960199,0.274952],[0.303796,-0.247857,0.919932]],[[0.951466,0.128783,-0.279512],[-0.083399,0.982146,0.168624],[0.296237,-0.137129,0.945219]],[[0.951466,0.128783,-0.279512],[-0.107931,0.990183,0.0888192],[0.288206,-0.0543405,0.956025]]],1],[672,[-0.160818,0.176173,-0.971134],67,60.7522,[-46.0749,338.29,-51.6055],[-44.8006,336.426,-51.3223],[-3.51929,7.52538,1.38325],false,[-16.0837,287.862,81.0763],[-32.1527,318.224,27.9608],[-38.3668,330.904,-13.3962],[-42.513,335.447,-38.4341],[-45.4664,336.961,-55.1457],[[[0.948234,-0.0474705,-0.314005],[0.190579,0.87599,0.443081],[0.254032,-0.479987,0.839691]],[[0.975761,-0.119582,-0.183278],[0.166347,0.949476,0.266129],[0.142194,-0.290166,0.946353]],[[0.975761,-0.119582,-0.183278],[0.148418,0.977069,0.152672],[0.160818,-0.176173,0.971134]],[[0.975761,-0.119582,-0.183278],[0.13358,0.988839,0.0659916],[0.173341,-0.0888741,0.980844]]],2],[673,[-0.0924962,0.257729,-0.96178],67,58.4148,[-18.9738,342.773,-46.1885],[-17.5853,340.705,-45.8524],[-3.27463,3.77364,0.856906],false,[-5.60708,288.408,77.333],[-11.6133,315.996,28.0554],[-13.6306,332.579,-8.84914],[-15.9538,339.052,-33.0055],[-18.0578,341.321,-49.6606],[[[0.958199,-0.183487,-0.219517],[0.26584,0.854613,0.446056],[0.105756,-0.485767,0.867667]],[[0.963508,-0.220508,-0.151752],[0.263006,0.885326,0.383438],[0.049799,-0.409358,0.911014]],[[0.963508,-0.220508,-0.151752],[0.251191,0.940719,0.227928],[0.0924962,-0.257729,0.96178]],[[0.963508,-0.220508,-0.151752],[0.237122,0.966147,0.101653],[0.1242,-0.133927,0.983178]]],3],[674,[0.0770078,0.264412,-0.96133],67,45.7961,[11.2804,330.5,-31.1825],[13.0191,328.687,-30.5415],[-2.94376,10.6899,2.26441],false,[4.76955,282.469,72.478],[6.69837,309.575,27.4727],[11.4347,322.303,-1.56765],[12.8003,326.992,-18.6151],[13.1154,329.425,-34.0493],[[[0.906815,-0.377144,-0.188282],[0.41993,0.769374,0.481375],[-0.0366884,-0.515583,0.856054]],[[0.89014,-0.452575,-0.053175],[0.431074,0.798473,0.420256],[-0.147739,-0.397009,0.905846]],[[0.89014,-0.452575,-0.053175],[0.449134,0.851623,0.270216],[-0.0770078,-0.264412,0.96133]],[[0.89014,-0.452575,-0.053175],[0.455242,0.87803,0.147711],[-0.0201609,-0.155691,0.9876]]],4]],[[0,200,0],[235.247,235.247,147.751]]],[33791,1472665997370119,[[67,"right",[-0.215702,0.606441,-0.765312],[-0.0828713,-0.792304,-0.604473],[-24.9261,301.502,42.4122],[-1.54628,0.313913,-0.431409],[-27.1564,304.337,41.4787],0,0,1,[[0.902793,0.183625,-0.388905],[0.0678303,0.83216,0.550371],[0.424693,-0.523251,0.738813]],57.7725,[96.6476,147.286,261.581],[-7.31656,275.377,80.7208]]],[[670,[-0.533786,0.249536,-0.807963],67,47.2519,[-99.0471,290.481,22.5708],[-97.6615,288.469,24.0646],[-1.71652,-2.95477,0.615073],false,[-32.6065,264.006,82.8925],[-32.6065,264.006,82.8925],[-68.1269,276.581,57.8229],[-84.628,284.295,32.8462],[-101.782,290.212,21.848],[[[0.423539,0.85394,0.302326],[-0.661771,0.063765,0.746989],[0.618606,-0.51645,0.59212]],[[0.244738,0.960165,0.134856],[-0.569326,0.0297261,0.821574],[0.784838,-0.277847,0.553923]],[[0.244738,0.960165,0.134856],[-0.809429,0.125755,0.573594],[0.533786,-0.249536,0.807963]],[[0.244738,0.960165,0.134856],[-0.535276,0.0178283,0.844489],[0.808445,-0.278863,0.518316]]],0],[671,[-0.296339,0.137866,-0.94508],67,53.3185,[-74.7977,330.72,-36.917],[-73.5008,328.599,-36.659],[-3.15343,2.26077,0.607194],false,[-26.1153,284.425,84.5667],[-51.7379,315.28,31.2682],[-63.5754,324.952,-4.55938],[-70.0695,327.973,-25.2702],[-74.5358,328.829,-40.0785],[[[0.922908,0.167835,-0.346515],[0.0261789,0.870553,0.491378],[0.384131,-0.462568,0.799046]],[[0.951424,0.129145,-0.279489],[-0.0493885,0.960036,0.275484],[0.303897,-0.248298,0.91978]],[[0.951424,0.129145,-0.279489],[-0.0835206,0.981995,0.16944],[0.296339,-0.137866,0.94508]],[[0.951424,0.129145,-0.279489],[-0.108005,0.990084,0.0898295],[0.288319,-0.0552797,0.955937]]],1],[672,[-0.160912,0.176194,-0.971114],67,60.7522,[-46.063,338.274,-51.6026],[-44.8264,336.434,-51.3225],[-3.40163,5.78145,1.0127],false,[-16.0876,287.87,81.0715],[-32.1695,318.23,27.9589],[-38.3897,330.911,-13.3971],[-42.5383,335.453,-38.4346],[-45.4927,336.968,-55.146],[[[0.948244,-0.047086,-0.314032],[0.190258,0.876027,0.443145],[0.254235,-0.479957,0.839646]],[[0.975801,-0.119195,-0.183315],[0.165991,0.949522,0.266185],[0.142334,-0.290173,0.94633]],[[0.975801,-0.119195,-0.183315],[0.148051,0.977112,0.15275],[0.160912,-0.176194,0.971114]],[[0.975801,-0.119195,-0.183315],[0.133208,0.988882,0.0660872],[0.1734,-0.0889071,0.98083]]],2],[673,[-0.092605,0.25779,-0.961753],67,58.4148,[-18.9675,342.764,-46.1868],[-17.612,340.723,-45.8531],[-3.23445,3.33092,0.6075],false,[-5.61129,288.42,77.328],[-11.6292,316.01,28.0527],[-13.6537,332.594,-8.85088],[-15.9796,339.069,-33.0066],[-18.0845,341.339,-49.6614],[[[0.958263,-0.183106,-0.219555],[0.265527,0.854678,0.446117],[0.105963,-0.485795,0.867626]],[[0.963588,-0.220134,-0.151787],[0.26268,0.885406,0.383479],[0.0499763,-0.409387,0.910991]],[[0.963588,-0.220134,-0.151787],[0.250843,0.94079,0.228018],[0.092605,-0.25779,0.961753]],[[0.963588,-0.220134,-0.151787],[0.236768,0.96622,0.101784],[0.124253,-0.134016,0.983159]]],3],[674,[0.0768979,0.265068,-0.961159],67,45.7961,[11.2884,330.493,-31.1794],[12.9955,328.735,-30.5387],[-2.95893,9.56035,1.79755],false,[4.76747,282.486,72.4722],[6.68487,309.596,27.4691],[11.4101,322.334,-1.56837],[12.7738,327.035,-18.6128],[13.0901,329.482,-34.0447],[[[0.906953,-0.376785,-0.188335],[0.419651,0.769495,0.481426],[-0.0364712,-0.515665,0.856014]],[[0.890354,-0.45212,-0.0534523],[0.430749,0.798564,0.420417],[-0.147394,-0.397344,0.905755]],[[0.890354,-0.45212,-0.0534523],[0.448728,0.851661,0.270771],[-0.0768979,-0.265068,0.961159]],[[0.890354,-0.45212,-0.0534523],[0.454819,0.878102,0.148585],[-0.0202419,-0.156605,0.987454]]],4]],[[0,200,0],[235.247,235.247,147.751]]],[33792,1472665997378845,[[67,"right",[-0.215946,0.606423,-0.765257],[-0.0826183,-0.792287,-0.604529],[-24.9381,301.512,42.4108],[-1.50293,0.548187,-0.359141],[-27.1515,304.331,41.4807],0,0,1,[[0.902811,0.183879,-0.388743],[0.0675947,0.832059,0.550553],[0.424693,-0.523322,0.738762]],57.7725,[96.6462,147.282,261.565],[-7.3179,275.39,80.7167]]],[[670,[-0.533557,0.249524,-0.808118],67,47.2519,[-99.0428,290.475,22.5772],[-97.6665,288.471,24.0706],[-1.19445,-2.16004,0.434805],false,[-32.6037,264.011,82.8886],[-32.6037,264.011,82.8886],[-68.1368,276.583,57.8356],[-84.6308,284.297,32.8541],[-101.779,290.212,21.8449],[[[0.423252,0.854066,0.302373],[-0.661763,0.0634769,0.747021],[0.618811,-0.516277,0.592056]],[[0.24453,0.960194,0.135031],[-0.569032,0.0293464,0.821792],[0.785117,-0.277789,0.553557]],[[0.24453,0.960194,0.135031],[-0.809643,0.125562,0.573335],[0.533557,-0.249524,0.808118]],[[0.24453,0.960194,0.135031],[-0.53582,0.0177448,0.844146],[0.808147,-0.278771,0.51883]]],0],[671,[-0.296466,0.139482,-0.944803],67,53.3185,[-74.793,330.713,-36.916],[-73.5261,328.662,-36.6454],[-3.08518,4.74013,1.07124],false,[-26.1197,284.432,84.5641],[-51.7553,315.282,31.2689],[-63.5957,324.993,-4.54711],[-70.0926,328.049,-25.2519],[-74.5618,328.937,-40.0574],[[[0.922834,0.168185,-0.346541],[0.0258937,0.870525,0.491443],[0.384326,-0.462493,0.798995]],[[0.951401,0.129447,-0.279426],[-0.0493628,0.959736,0.276534],[0.303972,-0.249302,0.919483]],[[0.951401,0.129447,-0.279426],[-0.0833268,0.981727,0.17108],[0.296466,-0.139482,0.944803]],[[0.951401,0.129447,-0.279426],[-0.107704,0.989928,0.0918781],[0.288506,-0.0573175,0.955761]]],1],[672,[-0.161011,0.176237,-0.97109],67,60.7522,[-46.0513,338.258,-51.5997],[-44.8545,336.446,-51.3202],[-3.35502,4.59371,0.808855],false,[-16.0933,287.88,81.0687],[-32.188,318.239,27.959],[-38.4144,330.921,-13.3958],[-42.5656,335.464,-38.4326],[-45.5212,336.98,-55.1437],[[[0.948247,-0.0467298,-0.314075],[0.189969,0.876061,0.443203],[0.254438,-0.479931,0.8396]],[[0.975835,-0.118839,-0.183365],[0.165668,0.949561,0.266248],[0.142476,-0.290192,0.946303]],[[0.975835,-0.118839,-0.183365],[0.147719,0.977148,0.152844],[0.161011,-0.176237,0.97109]],[[0.975835,-0.118839,-0.183365],[0.132873,0.988919,0.0662056],[0.173466,-0.08897,0.980813]]],2],[673,[-0.0927342,0.257833,-0.961729],67,58.4148,[-18.9609,342.755,-46.185],[-17.6414,340.743,-45.8518],[-3.27403,3.04078,0.481482],false,[-5.61734,288.434,77.3248],[-11.647,316.026,28.0518],[-13.6789,332.612,-8.85051],[-16.0081,339.088,-33.0056],[-18.1144,341.359,-49.6601],[[[0.958318,-0.182754,-0.219609],[0.265245,0.854738,0.44617],[0.106169,-0.485823,0.867585]],[[0.963659,-0.219784,-0.151843],[0.262384,0.885472,0.383529],[0.0501591,-0.409432,0.910961]],[[0.963659,-0.219784,-0.151843],[0.250523,0.94086,0.228082],[0.0927342,-0.257833,0.961729]],[[0.963659,-0.219784,-0.151843],[0.236435,0.966294,0.101858],[0.124338,-0.134057,0.983142]]],3],[674,[0.076731,0.265233,-0.961126],67,45.7961,[11.2969,330.485,-31.1759],[12.9694,328.768,-30.5391],[-3.01034,7.98528,1.29801],false,[4.7633,282.504,72.4682],[6.66934,309.619,27.467],[11.3868,322.361,-1.5699],[12.7475,327.065,-18.6138],[13.0623,329.515,-34.0452],[[[0.907077,-0.376453,-0.1884],[0.4194,0.769606,0.481466],[-0.0362551,-0.515742,0.855976]],[[0.890521,-0.451775,-0.0535779],[0.430486,0.798694,0.420439],[-0.147152,-0.397475,0.905737]],[[0.890521,-0.451775,-0.0535779],[0.448424,0.851793,0.270861],[-0.076731,-0.265233,0.961126]],[[0.890521,-0.451775,-0.0535779],[0.454495,0.878244,0.148731],[-0.0201387,-0.156799,0.987425]]],4]],[[0,200,0],[235.247,235.247,147.751]]],[33793,1472665997388275,[[67,"right",[-0.216428,0.606477,-0.765078],[-0.0815003,-0.79214,-0.604874],[-25.0036,301.724,42.4055],[-3.0564,6.79775,-0.417585],[-27.1456,304.324,41.4833],0,0,0.988356,[[0.90298,0.184841,-0.387893],[0.0665267,0.831716,0.551202],[0.424502,-0.523529,0.738726]],57.7725,[96.5532,147.448,261.545],[-7.36421,275.607,80.7062]]],[[670,[-0.533253,0.250283,-0.808084],67,47.2519,[-99.0379,290.469,22.585],[-97.7219,288.687,24.0914],[-2.39002,5.57056,1.15629],false,[-32.6372,264.197,82.8658],[-32.6372,264.197,82.8658],[-68.2045,276.789,57.8712],[-84.689,284.526,32.8908],[-101.827,290.448,21.8702],[[[0.422153,0.854442,0.302847],[-0.662064,0.0623947,0.746845],[0.61924,-0.515786,0.592036]],[[0.244172,0.960114,0.136242],[-0.568143,0.0277791,0.822461],[0.785871,-0.278226,0.552265]],[[0.244172,0.960114,0.136242],[-0.809951,0.12466,0.573096],[0.533253,-0.250283,0.808084]],[[0.244172,0.960114,0.136242],[-0.536679,0.016775,0.84362],[0.807685,-0.279106,0.519369]]],0],[671,[-0.29628,0.140148,-0.944763],67,53.3185,[-74.7876,330.705,-36.9149],[-73.5961,328.872,-36.6524],[-4.25515,10.0745,0.596388],false,[-26.1778,284.625,84.5515],[-51.8335,315.466,31.261],[-63.6703,325.188,-4.5534],[-70.1631,328.259,-25.2573],[-74.6286,329.161,-40.0631],[[[0.922741,0.169413,-0.346192],[0.0247179,0.870356,0.491802],[0.384628,-0.462363,0.798926]],[[0.951373,0.130619,-0.278977],[-0.0504726,0.959507,0.277127],[0.303878,-0.24957,0.919442]],[[0.951373,0.130619,-0.278977],[-0.0843061,0.981477,0.172033],[0.29628,-0.140148,0.944763]],[[0.951373,0.130619,-0.278977],[-0.108586,0.989719,0.0930921],[0.288268,-0.0582723,0.955775]]],1],[672,[-0.16097,0.175748,-0.971185],67,60.7522,[-46.0394,338.243,-51.5966],[-44.9345,336.645,-51.3238],[-4.88443,8.49028,0.310925],false,[-16.1544,288.087,81.0606],[-32.2688,318.448,27.9582],[-38.4996,331.112,-13.4012],[-42.6498,335.643,-38.4405],[-45.6027,337.15,-55.1528],[[[0.948397,-0.0454849,-0.313805],[0.188801,0.876105,0.443615],[0.254749,-0.47997,0.839483]],[[0.976037,-0.117642,-0.183063],[0.164389,0.94983,0.266082],[0.142576,-0.289799,0.946408]],[[0.976037,-0.117642,-0.183063],[0.146426,0.977381,0.1526],[0.16097,-0.175748,0.971185]],[[0.976037,-0.117642,-0.183063],[0.131583,0.989111,0.0659239],[0.173314,-0.0884321,0.980888]]],2],[673,[-0.0929591,0.257136,-0.961894],67,58.4148,[-18.9539,342.745,-46.1831],[-17.7357,340.958,-45.8514],[-5.39665,7.7615,0.0674421],false,[-5.67801,288.655,77.3201],[-11.7252,316.259,28.0564],[-13.7733,332.824,-8.85419],[-16.1081,339.283,-33.0134],[-18.2156,341.54,-49.6696],[[[0.958599,-0.181535,-0.219391],[0.264102,0.85487,0.446596],[0.106478,-0.486048,0.867421]],[[0.963965,-0.218608,-0.151598],[0.261181,0.885995,0.383141],[0.0505573,-0.408929,0.911164]],[[0.963965,-0.218608,-0.151598],[0.249259,0.941324,0.227548],[0.0929591,-0.257136,0.961894]],[[0.963965,-0.218608,-0.151598],[0.235145,0.966672,0.101251],[0.124411,-0.13325,0.983243]]],3],[674,[0.0779012,0.26889,-0.960015],67,45.7961,[11.3078,330.478,-31.1711],[12.9272,329.161,-30.4881],[-2.87192,19.0635,2.88038],false,[4.71109,282.739,72.4642],[6.59883,309.873,27.4745],[11.3176,322.676,-1.53547],[12.6991,327.445,-18.5596],[13.0458,329.974,-33.9776],[[[0.907578,-0.375307,-0.188276],[0.418346,0.769906,0.481904],[-0.035907,-0.51613,0.855757]],[[0.891146,-0.450507,-0.0538694],[0.429177,0.798469,0.422202],[-0.147192,-0.399363,0.9049]],[[0.891146,-0.450507,-0.0538694],[0.446979,0.851318,0.274715],[-0.0779012,-0.26889,0.960015]],[[0.891146,-0.450507,-0.0538694],[0.453173,0.877978,0.154233],[-0.0221871,-0.161857,0.986565]]],4]],[[0,200,0],[235.247,235.247,147.751]]],[33794,1472665997396839,[[67,"right",[-0.216719,0.607087,-0.764512],[-0.0802666,-0.791553,-0.605806],[-25.0817,301.936,42.3648],[-4.65165,11.5409,-1.55936],[-27.1395,304.317,41.4859],0,0,0.988953,[[0.903052,0.18607,-0.387137],[0.0651074,0.831591,0.551559],[0.424568,-0.523292,0.738855]],57.7725,[96.5011,147.696,261.516],[-7.43263,275.797,80.6455]]],[[670,[-0.532933,0.251547,-0.807902],67,47.2519,[-99.033,290.464,22.5929],[-97.7859,288.913,24.0453],[-3.61067,11.4973,-0.409604],false,[-32.6937,264.355,82.7789],[-32.6937,264.355,82.7789],[-68.2843,276.98,57.8343],[-84.759,284.756,32.8595],[-101.885,290.692,21.8263],[[[0.421008,0.854586,0.304031],[-0.662533,0.0607939,0.746562],[0.619518,-0.515739,0.591786]],[[0.243723,0.95996,0.138119],[-0.567621,0.0257148,0.822889],[0.786388,-0.278956,0.55116]],[[0.243723,0.95996,0.138119],[-0.810297,0.123296,0.572902],[0.532933,-0.251547,0.807902]],[[0.243723,0.95996,0.138119],[-0.537778,0.0152518,0.842949],[0.80709,-0.279723,0.519962]]],0],[671,[-0.295936,0.14119,-0.944715],67,53.3185,[-74.7822,330.698,-36.9138],[-73.663,329.13,-36.6869],[-5.18214,15.5256,-0.583084],false,[-26.2586,284.789,84.4909],[-51.9215,315.66,31.2214],[-63.7495,325.414,-4.58706],[-70.2347,328.508,-25.2899],[-74.6937,329.429,-40.0965],[[[0.922729,0.170863,-0.345509],[0.0234543,0.869831,0.492792],[0.384735,-0.462817,0.798611]],[[0.951381,0.132011,-0.278295],[-0.0516701,0.959099,0.278316],[0.303653,-0.250405,0.919289]],[[0.951381,0.132011,-0.278295],[-0.0854206,0.981141,0.173392],[0.295936,-0.14119,0.944715]],[[0.951381,0.132011,-0.278295],[-0.109634,0.989463,0.0945652],[0.287846,-0.059457,0.955829]]],1],[672,[-0.160626,0.176652,-0.971079],67,60.7522,[-46.0286,338.231,-51.5938],[-45.0014,336.941,-51.3361],[-5.63312,15.2992,-0.154195],false,[-16.2374,288.266,81.0092],[-32.3584,318.668,27.9324],[-38.5806,331.371,-13.4164],[-42.7219,335.926,-38.453],[-45.6671,337.448,-55.1653],[[[0.948616,-0.0440412,-0.31335],[0.187556,0.875823,0.444699],[0.254854,-0.480619,0.83908]],[[0.976272,-0.116328,-0.182647],[0.163158,0.949722,0.267224],[0.142378,-0.290683,0.946167]],[[0.976272,-0.116328,-0.182647],[0.145229,0.977375,0.153775],[0.160626,-0.176652,0.971079]],[[0.976272,-0.116328,-0.182647],[0.130423,0.989184,0.0671127],[0.172864,-0.0893416,0.980885]]],2],[673,[-0.0927785,0.257851,-0.96172],67,58.4148,[-18.9472,342.737,-46.1811],[-17.814,341.266,-45.8484],[-6.4285,14.8888,0.0439627],false,[-5.75964,288.85,77.275],[-11.8124,316.503,28.0391],[-13.8622,333.095,-8.85952],[-16.1925,339.571,-33.0144],[-18.294,341.841,-49.6696],[[[0.958924,-0.180185,-0.219083],[0.26288,0.854671,0.447696],[0.106576,-0.486899,0.866932]],[[0.964298,-0.217344,-0.1513],[0.259942,0.886005,0.383961],[0.0506011,-0.409582,0.910869]],[[0.964298,-0.217344,-0.1513],[0.248037,0.941421,0.22848],[0.0927785,-0.257851,0.96172]],[[0.964298,-0.217344,-0.1513],[0.233967,0.96685,0.102273],[0.124056,-0.134021,0.983183]]],3],[674,[0.079314,0.273438,-0.958614],67,45.7961,[11.3207,330.473,-31.1648],[12.8895,329.614,-30.4421],[-2.76897,29.4093,3.93309],false,[4.63885,282.952,72.418],[6.51929,310.139,27.4598],[11.2422,323.021,-1.51461],[12.6487,327.87,-18.5139],[13.0333,330.496,-33.9147],[[[0.908109,-0.37405,-0.188213],[0.417203,0.769844,0.482992],[-0.0357683,-0.517132,0.855158]],[[0.891782,-0.44919,-0.0543439],[0.42781,0.797978,0.424511],[-0.147321,-0.40182,0.90379]],[[0.891782,-0.44919,-0.0543439],[0.44546,0.850564,0.279474],[-0.079314,-0.273438,0.958614]],[[0.891782,-0.44919,-0.0543439],[0.451796,0.877485,0.160936],[-0.0246048,-0.168072,0.985468]]],4]],[[0,200,0],[235.247,235.247,147.751]]],[33795,1472665997405132,[[67,"right",[-0.21758,0.607841,-0.763668],[-0.0794358,-0.790845,-0.60684],[-25.0768,302.172,42.267],[-3.3098,15.8787,-4.17787],[-27.1325,304.31,41.4885],0,0,0.989589,[[0.903541,0.186624,-0.385728],[0.0641403,0.831132,0.552364],[0.423675,-0.523824,0.738991]],57.7725,[96.3253,147.772,261.414],[-7.38971,276.004,80.5099]]],[[670,[-0.53331,0.253227,-0.807129],67,47.2519,[-99.0275,290.46,22.6017],[-97.785,289.183,24.0065],[-2.5984,17.4815,-1.19128],false,[-32.6367,264.529,82.6327],[-32.6367,264.529,82.6327],[-68.2691,277.202,57.7721],[-84.7554,285.03,32.8212],[-101.882,290.986,21.8004],[[[0.420047,0.854683,0.305087],[-0.662469,0.059017,0.746761],[0.620238,-0.515785,0.590991]],[[0.243524,0.95971,0.140189],[-0.566427,0.0233962,0.82378],[0.78731,-0.280017,0.549303]],[[0.243524,0.95971,0.140189],[-0.810109,0.121791,0.573489],[0.53331,-0.253227,0.807129]],[[0.243524,0.95971,0.140189],[-0.537801,0.0133297,0.842966],[0.807135,-0.280676,0.519379]]],0],[671,[-0.296275,0.14209,-0.944474],67,53.3185,[-74.7761,330.691,-36.9128],[-73.7048,329.413,-36.7398],[-5.14807,20.2926,-2.06302],false,[-26.2257,284.968,84.3707],[-51.9349,315.879,31.1467],[-63.781,325.667,-4.64669],[-70.2737,328.78,-25.3442],[-74.7365,329.716,-40.1488],[[[0.922462,0.172418,-0.345449],[0.02251,0.869205,0.49394],[0.38543,-0.463417,0.797928]],[[0.951173,0.133511,-0.278291],[-0.0527598,0.958667,0.279594],[0.304117,-0.25126,0.918902]],[[0.951173,0.133511,-0.278291],[-0.0865548,0.980808,0.174708],[0.296275,-0.14209,0.944474]],[[0.951173,0.133511,-0.278291],[-0.110791,0.989206,0.0958989],[0.28809,-0.0603842,0.955697]]],1],[672,[-0.160987,0.177861,-0.970798],67,60.7522,[-46.0177,338.222,-51.5913],[-45.0538,337.285,-51.3826],[-5.79387,22.0334,-1.53348],false,[-16.2092,288.461,80.8917],[-32.3761,318.915,27.8582],[-38.6198,331.669,-13.4717],[-42.7704,336.255,-38.501],[-45.7201,337.798,-55.2106],[[[0.94861,-0.042498,-0.313579],[0.186596,0.875455,0.445825],[0.255578,-0.481427,0.838396]],[[0.976378,-0.11493,-0.182969],[0.162093,0.949533,0.268538],[0.142872,-0.291853,0.945732]],[[0.976378,-0.11493,-0.182969],[0.144116,0.977321,0.155157],[0.160987,-0.177861,0.970798]],[[0.976378,-0.11493,-0.182969],[0.129286,0.989236,0.0685304],[0.173123,-0.0905668,0.980727]]],2],[673,[-0.0932179,0.258984,-0.961373],67,58.4148,[-18.9397,342.729,-46.179],[-17.8709,341.624,-45.8976],[-6.52459,21.9981,-1.54279],false,[-5.73286,289.063,77.1564],[-11.8275,316.774,27.9583],[-13.9043,333.403,-8.92201],[-16.2456,339.908,-33.0682],[-18.3514,342.2,-49.7198],[[[0.959098,-0.178755,-0.219495],[0.261945,0.854389,0.448781],[0.107312,-0.48792,0.866267]],[[0.964529,-0.216021,-0.151718],[0.258949,0.885902,0.384868],[0.0512677,-0.410504,0.910417]],[[0.964529,-0.216021,-0.151718],[0.246969,0.941415,0.229661],[0.0932179,-0.258984,0.961373]],[[0.964529,-0.216021,-0.151718],[0.232873,0.966966,0.103668],[0.124312,-0.135322,0.982972]]],3],[674,[0.0799957,0.278665,-0.957051],67,45.7961,[11.3384,330.473,-31.1563],[12.8796,330.126,-30.4683],[-1.9559,39.2827,2.55454],false,[4.67175,283.184,72.2897],[6.51169,310.433,27.3673],[11.2121,323.406,-1.56984],[12.6306,328.348,-18.5414],[13.043,331.086,-33.9222],[[[0.908519,-0.372721,-0.188873],[0.416376,0.769699,0.483936],[-0.0349978,-0.518307,0.854478]],[[0.892438,-0.447711,-0.0557653],[0.426683,0.797361,0.426799],[-0.146617,-0.404685,0.902626]],[[0.892438,-0.447711,-0.0557653],[0.444022,0.849647,0.284506],[-0.0799957,-0.278665,0.957051]],[[0.892438,-0.447711,-0.0557653],[0.450398,0.876849,0.168157],[-0.026388,-0.175187,0.984182]]],4]],[[0,200,0],[235.247,235.247,147.751]]],[33796,1472665997413439,[[67,"right",[-0.218503,0.608157,-0.763152],[-0.0780476,-0.790435,-0.607553],[-25.0434,302.431,42.1592],[-1.43149,19.7942,-6.43522],[-27.1239,304.302,41.4913],0,0,1,[[0.904017,0.187566,-0.384152],[0.0627078,0.830705,0.55317],[0.422873,-0.524164,0.739209]],57.7725,[96.2014,147.943,261.338],[-7.31726,276.258,80.3809]]],[[670,[-0.53333,0.253502,-0.807029],67,47.2519,[-99.0209,290.456,22.611],[-97.7239,289.378,23.8927],[0.250217,19.0824,-4.66024],false,[-32.5454,264.739,82.4904],[-32.5454,264.739,82.4904],[-68.2027,277.397,57.6581],[-84.6896,285.234,32.7102],[-101.81,291.181,21.6748],[[[0.418587,0.855109,0.305897],[-0.662653,0.0572488,0.746735],[0.621028,-0.515277,0.590605]],[[0.242268,0.95985,0.141401],[-0.566199,0.021523,0.823988],[0.787861,-0.279687,0.54868]],[[0.242268,0.95985,0.141401],[-0.810472,0.120104,0.573332],[0.53333,-0.253502,0.807029]],[[0.242268,0.95985,0.141401],[-0.538819,0.011909,0.842338],[0.806834,-0.280261,0.52007]]],0],[671,[-0.296351,0.142251,-0.944426],67,53.3185,[-74.7689,330.685,-36.9123],[-73.7055,329.656,-36.8309],[-3.8117,22.4143,-4.3774],false,[-26.1686,285.188,84.2474],[-51.9231,316.103,31.0479],[-63.7797,325.899,-4.73968],[-70.274,329.016,-25.4362],[-74.7357,329.954,-40.241],[[[0.922214,0.174262,-0.345187],[0.0210045,0.868801,0.494716],[0.386108,-0.463484,0.79756]],[[0.950993,0.135324,-0.278029],[-0.0544116,0.958356,0.280345],[0.304388,-0.251478,0.918753]],[[0.950993,0.135324,-0.278029],[-0.0882541,0.980537,0.175383],[0.296351,-0.142251,0.944426]],[[0.950993,0.135324,-0.278029],[-0.11251,0.988952,0.0965134],[0.288018,-0.0605027,0.955712]]],1],[672,[-0.161106,0.179439,-0.970488],67,60.7522,[-46.0051,338.217,-51.5892],[-45.0656,337.639,-51.4527],[-4.65515,27.9408,-3.17398],false,[-16.1576,288.701,80.7727],[-32.3689,319.174,27.7644],[-38.6287,331.978,-13.5478],[-42.7824,336.604,-38.5691],[-45.7311,338.18,-55.2758],[[[0.948717,-0.0406388,-0.313505],[0.185085,0.875368,0.446626],[0.256282,-0.481747,0.837998]],[[0.97658,-0.113101,-0.183029],[0.160542,0.949405,0.269921],[0.14324,-0.292983,0.945327]],[[0.97658,-0.113101,-0.183029],[0.142606,0.977246,0.157015],[0.161106,-0.179439,0.970488]],[[0.97658,-0.113101,-0.183029],[0.127826,0.989272,0.0707255],[0.173066,-0.092465,0.98056]]],2],[673,[-0.0935159,0.25962,-0.961172],67,58.4148,[-18.9306,342.723,-46.1772],[-17.8935,341.966,-45.9733],[-5.5653,26.7218,-3.56733],false,[-5.68176,289.323,77.0392],[-11.8168,317.067,27.865],[-13.9196,333.711,-9.00705],[-16.2683,340.232,-33.1482],[-18.3746,342.539,-49.7977],[[[0.95942,-0.176961,-0.21954],[0.260469,0.854424,0.449572],[0.108024,-0.488512,0.865845]],[[0.964907,-0.214297,-0.151762],[0.257411,0.886149,0.385331],[0.0519089,-0.410874,0.910213]],[[0.964907,-0.214297,-0.151762],[0.245377,0.941634,0.230469],[0.0935159,-0.25962,0.961172]],[[0.964907,-0.214297,-0.151762],[0.23129,0.967228,0.104764],[0.124338,-0.136188,0.982849]]],3],[674,[0.08056,0.28273,-0.95581],67,45.7961,[11.3638,330.481,-31.1449],[12.899,330.622,-30.5134],[-0.604808,45.6345,0.809272],false,[4.73319,283.465,72.1685],[6.53298,310.757,27.2705],[11.2105,323.798,-1.63999],[12.6391,328.812,-18.5896],[13.0762,331.638,-33.9536],[[[0.90916,-0.371039,-0.189097],[0.415037,0.769961,0.48467],[-0.0342341,-0.519125,0.854013]],[[0.893297,-0.445889,-0.0566036],[0.425126,0.797313,0.428439],[-0.145905,-0.406787,0.901796]],[[0.893297,-0.445889,-0.0566036],[0.442189,0.849262,0.288483],[-0.08056,-0.28273,0.95581]],[[0.893297,-0.445889,-0.0566036],[0.448596,0.87663,0.174016],[-0.0279712,-0.18084,0.983115]]],4]],[[0,200,0],[235.247,235.247,147.751]]],[33797,1472665997422121,[[67,"right",[-0.219022,0.608455,-0.762766],[-0.0770061,-0.790087,-0.608138],[-24.9976,302.702,42.0833],[0.35451,22.8284,-7.0481],[-27.1123,304.293,41.4945],0,0,1,[[0.904298,0.18843,-0.383066],[0.0617054,0.830199,0.554041],[0.422419,-0.524656,0.73912]],57.7725,[96.1572,148.086,261.226],[-7.25036,276.521,80.2903]]],[[670,[-0.533172,0.253607,-0.8071],67,47.2519,[-99.0125,290.453,22.6212],[-97.6543,289.597,23.794],[2.54258,20.6037,-6.7171],false,[-32.4658,264.973,82.3858],[-32.4658,264.973,82.3858],[-68.135,277.616,57.5628],[-84.617,285.456,32.6128],[-101.732,291.394,21.5643],[[[0.41754,0.855367,0.306607],[-0.66289,0.0559563,0.746623],[0.62148,-0.514992,0.590378]],[[0.241267,0.959975,0.142262],[-0.566261,0.0202076,0.823978],[0.788123,-0.279356,0.548472]],[[0.241267,0.959975,0.142262],[-0.810875,0.118876,0.573019],[0.533172,-0.253607,0.8071]],[[0.241267,0.959975,0.142262],[-0.539663,0.01088,0.841811],[0.806569,-0.279875,0.520688]]],0],[671,[-0.296277,0.142663,-0.944387],67,53.3185,[-74.7595,330.679,-36.9122],[-73.6718,329.932,-36.8981],[-1.74497,24.9468,-5.26223],false,[-26.1128,285.427,84.1589],[-51.8903,316.351,30.9757],[-63.749,326.162,-4.80711],[-70.2418,329.288,-25.5028],[-74.7008,330.232,-40.3079],[[[0.922094,0.175562,-0.344849],[0.0198994,0.868469,0.495344],[0.386454,-0.463616,0.797316]],[[0.95091,0.136596,-0.277689],[-0.0555415,0.958075,0.281084],[0.304441,-0.251862,0.91863]],[[0.95091,0.136596,-0.277689],[-0.0893831,0.9803,0.17613],[0.296277,-0.142663,0.944387]],[[0.95091,0.136596,-0.277689],[-0.113629,0.988751,0.0972584],[0.28785,-0.0609304,0.955735]]],1],[672,[-0.161267,0.180579,-0.97025],67,60.7522,[-45.9891,338.217,-51.5872],[-45.0439,338.011,-51.4914],[-2.88419,32.5962,-3.26435],false,[-16.105,288.954,80.689],[-32.3389,319.447,27.6989],[-38.6052,332.337,-13.5853],[-42.763,336.993,-38.6004],[-45.7144,338.575,-55.3061],[[[0.948834,-0.039331,-0.313316],[0.183984,0.875257,0.447297],[0.256639,-0.482055,0.83771]],[[0.976719,-0.111721,-0.183135],[0.159561,0.948952,0.272084],[0.143389,-0.294971,0.944686]],[[0.976719,-0.111721,-0.183135],[0.141467,0.977195,0.158358],[0.161267,-0.180579,0.97025]],[[0.976719,-0.111721,-0.183135],[0.12655,0.98939,0.0713605],[0.17322,-0.092875,0.980494]]],2],[673,[-0.0928832,0.263189,-0.960263],67,58.4148,[-18.9171,342.72,-46.1747],[-17.8494,342.413,-45.9937],[-2.31647,35.1434,-2.88021],false,[-5.62902,289.591,76.9584],[-11.7844,317.363,27.8027],[-13.8932,334.057,-9.04662],[-16.2261,340.667,-33.1649],[-18.3125,343.067,-49.8038],[[[0.959672,-0.175709,-0.219447],[0.259391,0.854398,0.450245],[0.108383,-0.48901,0.865519]],[[0.965183,-0.213055,-0.151753],[0.256342,0.885881,0.386657],[0.0520563,-0.412095,0.909652]],[[0.965183,-0.213055,-0.151753],[0.244528,0.940925,0.234237],[0.0928832,-0.263189,0.960263]],[[0.965183,-0.213055,-0.151753],[0.230764,0.966717,0.110481],[0.123164,-0.141654,0.982224]]],3],[674,[0.0804163,0.283416,-0.95562],67,45.7961,[11.3984,330.5,-31.1306],[12.9284,330.989,-30.5609],[0.388097,44.5287,-0.915385],false,[4.79373,283.748,72.0859],[6.57266,311.075,27.2079],[11.2403,324.138,-1.69405],[12.6663,329.164,-18.6403],[13.1033,332.001,-34.0024],[[[0.909627,-0.369865,-0.189154],[0.414046,0.770086,0.485318],[-0.0338374,-0.519777,0.853632]],[[0.893817,-0.444832,-0.0567117],[0.424138,0.797546,0.428984],[-0.145596,-0.407487,0.90153]],[[0.893817,-0.444832,-0.0567117],[0.441163,0.849588,0.289093],[-0.0804163,-0.283416,0.95562]],[[0.893817,-0.444832,-0.0567117],[0.44756,0.877029,0.174674],[-0.0279629,-0.181509,0.982992]]],4]],[[0,200,0],[235.247,235.247,147.751]]],[33798,1472665997430820,[[67,"right",[-0.219553,0.608061,-0.762928],[-0.0753402,-0.790241,-0.608148],[-24.9013,302.972,42.0477],[3.21457,25.0102,-6.26213],[-27.0972,304.284,41.4983],0,0,1,[[0.904718,0.189836,-0.381377],[0.0606705,0.828686,0.556415],[0.421669,-0.526537,0.73821]],57.7725,[96.0896,147.926,260.979],[-7.13447,276.822,80.2667]]],[[670,[-0.532649,0.252748,-0.807715],67,47.2519,[-99.0021,290.451,22.6317],[-97.513,289.764,23.7086],[6.58723,19.9569,-8.09315],false,[-32.3322,265.232,82.3473],[-32.3322,265.232,82.3473],[-68.0079,277.821,57.5061],[-84.4738,285.634,32.5371],[-101.574,291.546,21.4527],[[[0.415951,0.856064,0.306822],[-0.663436,0.0549045,0.746216],[0.621962,-0.513946,0.590781]],[[0.239692,0.960343,0.142443],[-0.566729,0.0192778,0.823679],[0.788268,-0.278155,0.548875]],[[0.239692,0.960343,0.142443],[-0.811685,0.117731,0.572107],[0.532649,-0.252748,0.807715]],[[0.239692,0.960343,0.142443],[-0.54135,0.0104138,0.840733],[0.805908,-0.278628,0.522378]]],0],[671,[-0.295935,0.14261,-0.944502],67,53.3185,[-74.7477,330.674,-36.9127],[-73.5715,330.141,-36.9608],[1.7985,25.0346,-5.70258],false,[-26.0138,285.697,84.1233],[-51.8095,316.577,30.923],[-63.6617,326.383,-4.86301],[-70.147,329.509,-25.5612],[-74.5987,330.452,-40.3686],[[[0.922015,0.177056,-0.344294],[0.0181741,0.868523,0.495315],[0.386726,-0.462946,0.797574]],[[0.950869,0.138118,-0.277076],[-0.0571322,0.957882,0.281423],[0.304275,-0.251766,0.918711]],[[0.950869,0.138118,-0.277076],[-0.0909388,0.980095,0.176478],[0.295935,-0.14261,0.944502]],[[0.950869,0.138118,-0.277076],[-0.115151,0.988542,0.0975983],[0.287381,-0.0608977,0.955878]]],1],[672,[-0.16105,0.180191,-0.970358],67,60.7522,[-45.9691,338.222,-51.5855],[-44.9486,338.264,-51.5334],[0.774898,31.8002,-3.58204],false,[-16.0097,289.24,80.6594],[-32.2612,319.704,27.6579],[-38.5201,332.621,-13.6191],[-42.6724,337.266,-38.6371],[-45.6191,338.828,-55.3455],[[[0.949088,-0.0377908,-0.312735],[0.182276,0.875578,0.447368],[0.256917,-0.481596,0.83789]],[[0.977004,-0.110095,-0.182597],[0.157958,0.948956,0.273006],[0.14322,-0.295571,0.944524]],[[0.977004,-0.110095,-0.182597],[0.139733,0.977451,0.158316],[0.16105,-0.180191,0.970358]],[[0.977004,-0.110095,-0.182597],[0.124706,0.989684,0.0705332],[0.172948,-0.0916821,0.980655]]],2],[673,[-0.0924433,0.26462,-0.959912],67,58.4148,[-18.8983,342.723,-46.1718],[-17.7568,342.748,-46.0136],[1.24055,36.9154,-2.54081],false,[-5.53251,289.894,76.9351],[-11.7034,317.654,27.7744],[-13.8201,334.352,-9.07278],[-16.1419,340.998,-33.1822],[-18.2131,343.44,-49.8168],[[[0.960092,-0.174146,-0.218852],[0.257716,0.854842,0.450363],[0.108655,-0.488792,0.865608]],[[0.965619,-0.211415,-0.151274],[0.254656,0.886231,0.386969],[0.0522526,-0.412187,0.909599]],[[0.965619,-0.211415,-0.151274],[0.24297,0.940893,0.235979],[0.0924433,-0.26462,0.959912]],[[0.965619,-0.211415,-0.151274],[0.229415,0.966702,0.113386],[0.122265,-0.144192,0.981967]]],3],[674,[0.0803474,0.283093,-0.955721],67,45.7961,[11.4413,330.529,-31.1144],[13.0181,331.312,-30.5778],[2.8406,42.0318,-1.35887],false,[4.90277,284.068,72.0693],[6.66433,311.395,27.1911],[11.3239,324.456,-1.71363],[12.7487,329.476,-18.6616],[13.187,332.305,-34.0251],[[[0.910347,-0.368383,-0.188581],[0.412488,0.770785,0.485534],[-0.033507,-0.519792,0.853635]],[[0.894575,-0.443379,-0.056126],[0.422623,0.798406,0.428879],[-0.145345,-0.407385,0.901617]],[[0.894575,-0.443379,-0.056126],[0.439636,0.850455,0.288872],[-0.0803474,-0.283093,0.955721]],[[0.894575,-0.443379,-0.056126],[0.446037,0.877864,0.174372],[-0.0280419,-0.181023,0.983079]]],4]],[[0,200,0],[235.247,235.247,147.751]]],[33799,1472665997439468,[[67,"right",[-0.219531,0.606788,-0.763947],[-0.0748379,-0.791215,-0.606941],[-24.7132,303.564,42.1177],[8.13527,36.5538,-2.44957],[-27.0732,304.277,41.5045],0,0,1,[[0.905095,0.189842,-0.380477],[0.0609571,0.827627,0.557959],[0.420817,-0.528199,0.737509]],57.7725,[96.0663,148.178,260.924],[-6.94906,277.481,80.3833]]],[[670,[-0.531704,0.251853,-0.808617],67,47.2519,[-98.9857,290.455,22.646],[-97.2861,290.353,23.7672],[12.569,32.9144,-4.93806],false,[-32.1431,265.884,82.4736],[-32.1431,265.884,82.4736],[-67.8065,278.451,57.6036],[-84.2432,286.237,32.6067],[-101.316,292.139,21.4745],[[[0.415524,0.856699,0.305626],[-0.663704,0.0558136,0.74591],[0.621962,-0.512788,0.591786]],[[0.239776,0.960463,0.141483],[-0.567072,0.020272,0.823419],[0.787996,-0.277667,0.549512]],[[0.239776,0.960463,0.141483],[-0.81228,0.11866,0.571071],[0.531704,-0.251853,0.808617]],[[0.239776,0.960463,0.141483],[-0.543241,0.0119552,0.839492],[0.80461,-0.278149,0.52463]]],0],[671,[-0.295565,0.141652,-0.944763],67,53.3185,[-74.7298,330.675,-36.9131],[-73.3623,330.629,-36.9426],[7.841,33.9492,-3.52159],false,[-25.833,286.354,84.2198],[-51.6229,317.141,30.9629],[-63.4625,326.927,-4.83308],[-69.9396,330.031,-25.537],[-74.3848,330.954,-40.3476],[[[0.922062,0.176871,-0.344265],[0.0176794,0.8693,0.493968],[0.386638,-0.461556,0.798422]],[[0.950967,0.137959,-0.276821],[-0.0572389,0.958049,0.28083],[0.303951,-0.251215,0.918969]],[[0.950967,0.137959,-0.276821],[-0.0911266,0.980256,0.175482],[0.295565,-0.141652,0.944763]],[[0.950967,0.137959,-0.276821],[-0.1154,0.988642,0.0962752],[0.286959,-0.0596095,0.956087]]],1],[672,[-0.160966,0.179018,-0.970589],67,60.7522,[-45.9406,338.239,-51.5829],[-44.7471,338.753,-51.5088],[6.65499,38.963,-1.66825],false,[-15.8291,289.896,80.7538],[-32.0747,320.271,27.6995],[-38.3241,333.187,-13.5792],[-42.4742,337.802,-38.6031],[-45.4207,339.328,-55.3149],[[[0.949206,-0.0379161,-0.312361],[0.181795,0.876343,0.446064],[0.256823,-0.480192,0.838724]],[[0.97708,-0.109894,-0.182312],[0.157685,0.948984,0.273064],[0.143003,-0.295554,0.944562]],[[0.97708,-0.109894,-0.182312],[0.139299,0.977689,0.157226],[0.160966,-0.179018,0.970589]],[[0.97708,-0.109894,-0.182312],[0.124119,0.9899,0.0685055],[0.172942,-0.0895636,0.980851]]],2],[673,[-0.0923864,0.264098,-0.960061],67,58.4148,[-18.8703,342.737,-46.1674],[-17.5642,343.251,-45.9892],[6.60848,43.1536,-0.922848],false,[-5.35097,290.548,77.0319],[-11.5161,318.229,27.826],[-13.6384,334.89,-9.03758],[-15.9588,341.523,-33.1508],[-18.0267,343.962,-49.7863],[[[0.960231,-0.174121,-0.218263],[0.257241,0.855641,0.449117],[0.108554,-0.487402,0.866404]],[[0.965735,-0.211083,-0.150998],[0.254188,0.886734,0.386125],[0.0523907,-0.411276,0.910004]],[[0.965735,-0.211083,-0.150998],[0.24253,0.941115,0.235547],[0.0923864,-0.264098,0.960061]],[[0.965735,-0.211083,-0.150998],[0.22903,0.966804,0.11329],[0.122072,-0.143991,0.982021]]],3],[674,[0.0804389,0.280978,-0.956337],67,45.7961,[11.4973,330.577,-31.0947],[13.2182,331.793,-30.5443],[8.10628,44.9154,-0.211673],false,[5.08814,284.719,72.1786],[6.85418,311.977,27.2586],[11.5175,324.978,-1.67203],[12.944,329.961,-18.631],[13.3834,332.754,-34.001],[[[0.910549,-0.368329,-0.187706],[0.412034,0.771698,0.48447],[-0.0335922,-0.518475,0.854433]],[[0.894728,-0.443217,-0.0549632],[0.42226,0.799427,0.427333],[-0.145462,-0.405556,0.902422]],[[0.894728,-