{"metadata":{"formatVersion":2,"generatedBy":"LeapJS Playback 0.2.1","frames":565,"protocolVersion":6,"serviceVersion":"2.3.1+31549","frameRate":"1.1e+2","modified":"Tue Aug 30 2016 12:53:09 GMT-0400 (EDT)"},"frames":[["id","timestamp",{"hands":[["id","type","direction","palmNormal","palmPosition","palmVelocity","stabilizedPalmPosition","pinchStrength","grabStrength","confidence","armBasis","armWidth","elbow","wrist"]]},{"pointables":[["id","direction","handId","length","stabilizedTipPosition","tipPosition","tipVelocity","tool","carpPosition","mcpPosition","pipPosition","dipPosition","btipPosition","bases","type"]]},{"interactionBox":["center","size"]}],[16640,1472575975611962,[[19,"left",[0.168683,0.729332,-0.663039],[0.366312,-0.670885,-0.64477],[-29.3311,278.635,66.5454],[-52.7108,79.7453,2.15637],[-22.2755,271.79,56.3253],0,0.486048,0.897639,[[-0.79867,0.149642,-0.582866],[-0.373902,0.635529,0.6755],[-0.471511,-0.757437,0.451626]],60.3449,[-166.627,49.4381,215.826],[-46.062,243.114,100.345]]],[[190,[0.539598,0.654583,-0.529486],19,49.3559,[48.8912,291.308,54.3714],[41.8739,301.458,67.6697],[-56.2387,140.352,71.6545],false,[-18.1568,237.509,106.168],[-18.1568,237.509,106.168],[13.2474,269.697,91.589],[30.6709,290.833,74.4921],[45.1918,305.912,67.212],[[[-0.662948,0.688406,0.294275],[0.506796,0.123334,0.853198],[-0.551052,-0.714763,0.430645]],[[-0.626782,0.732218,0.26646],[0.407233,0.0162803,0.913179],[-0.664308,-0.680876,0.308388]],[[-0.626782,0.732218,0.26646],[0.562119,0.188091,0.805384],[-0.539598,-0.654583,0.529486]],[[-0.626782,0.732218,0.26646],[0.421793,0.0313012,0.906152],[-0.65516,-0.680351,0.328464]]],0],[191,[0.491051,-0.148102,-0.858449],19,55.6926,[33.1084,303.65,-2.03138],[28.6122,310.592,3.67716],[-68.9831,123.635,21.0516],false,[-30.2201,256.299,108.483],[-4.39032,300.456,61.1831],[12.3397,323.253,31.9285],[23.5799,319.863,12.2785],[29.5879,309.118,1.77776],[[[-0.873762,-0.00975739,-0.486256],[-0.314801,0.773457,0.55015],[-0.37073,-0.633774,0.678889]],[[-0.868031,-0.000132338,-0.496509],[-0.278289,0.82829,0.486303],[-0.411189,-0.5603,0.719019]],[[-0.868031,-0.000132338,-0.496509],[0.0734203,0.988972,-0.128622],[-0.491051,0.148102,0.858449]],[[-0.868031,-0.000132338,-0.496509],[0.329625,0.747682,-0.576472],[-0.371307,0.664057,0.648968]]],1],[192,[0.433764,-0.00764174,-0.900994],19,63.4573,[7.41481,311.446,-20.6139],[2.90458,318.544,-15.1344],[-77.9179,140.022,17.2048],false,[-40.6002,257.787,103.382],[-24.208,299.107,54.4996],[-16.1375,326.814,19.1315],[-4.45611,326.608,-5.1324],[4.41709,317.494,-17.5793],[[[-0.849261,-0.227004,-0.47668],[-0.466051,0.74657,0.474794],[-0.248095,-0.625381,0.739829]],[[-0.866639,-0.277159,-0.414874],[-0.466561,0.744831,0.477019],[-0.176801,-0.606967,0.774811]],[[-0.866639,-0.277159,-0.414874],[-0.246548,0.960794,-0.126844],[-0.433764,0.00764174,0.900994]],[[-0.866639,-0.277159,-0.414874],[0.0186182,0.812973,-0.582004],[-0.498589,0.512111,0.699394]]],2],[193,[0.441046,0.0459358,-0.896308],19,61.0159,[-15.1928,304.461,-21.0428],[-19.5481,312.243,-14.945],[-70.4899,165.989,24.5085],false,[-50.637,256.281,97.6934],[-44.178,291.876,50.6784],[-38.9172,318.851,18.5062],[-27.3465,320.056,-5.00817],[-17.6132,311.869,-17.3095],[[[-0.838949,-0.37219,-0.397039],[-0.533208,0.708128,0.462866],[-0.108881,-0.600025,0.792537]],[[-0.833962,-0.348063,-0.428206],[-0.537634,0.687332,0.48839],[-0.124329,-0.637517,0.760339]],[[-0.833962,-0.348063,-0.428206],[-0.331641,0.936345,-0.115203],[-0.441046,-0.0459358,0.896308]],[[-0.833962,-0.348063,-0.428206],[-0.0438452,0.815327,-0.577338],[-0.550078,0.462703,0.695212]]],3],[194,[0.398495,0.0544139,-0.915555],19,47.8353,[-42.356,287.934,-13.5664],[-46.5524,295.027,-7.39301],[-61.3342,131.985,16.9414],false,[-58.7162,248.407,90.3182],[-60.7261,281.045,46.2016],[-61.8633,300.068,18.6669],[-54.4821,301.076,1.70827],[-44.3806,294.807,-9.4778],[[[-0.746201,-0.550987,-0.373628],[-0.664714,0.585807,0.463665],[0.0366001,-0.594343,0.803378]],[[-0.745342,-0.562508,-0.357841],[-0.665817,0.600717,0.442524],[0.0339618,-0.568089,0.822266]],[[-0.745342,-0.562508,-0.357841],[-0.534478,0.825,-0.1836],[-0.398495,-0.0544139,0.915555]],[[-0.745342,-0.562508,-0.357841],[-0.248043,0.732194,-0.634324],[-0.618821,0.384028,0.685261]]],4]],[[0,200,0],[235.247,235.247,147.751]]],[16641,1472575975620550,[[19,"left",[0.166956,0.73031,-0.662399],[0.367544,-0.669504,-0.645505],[-29.8456,279.178,66.3863],[-54.6125,75.3938,-3.30131],[-23.1592,272.653,57.4998],0,0.478047,0.899354,[[-0.798002,0.14721,-0.584399],[-0.373995,0.639422,0.671765],[-0.472568,-0.754632,0.455204]],60.3449,[-167.327,50.6315,216.553],[-46.4921,243.59,100.157]]],[[190,[0.539945,0.661666,-0.520248],19,49.3559,[48.1778,292.459,55.7862],[41.3023,302.558,68.1468],[-58.5483,137.548,69.6757],false,[-18.5734,238.039,105.967],[-18.5734,238.039,105.967],[12.6837,270.485,91.6469],[30.1183,291.85,74.8482],[44.632,307.055,67.8211],[[[-0.664315,0.686728,0.29511],[0.506776,0.123599,0.853171],[-0.549422,-0.716329,0.430126]],[[-0.631291,0.727165,0.269636],[0.405328,0.012942,0.91408],[-0.661197,-0.686341,0.302911]],[[-0.631291,0.727165,0.269636],[0.556715,0.182839,0.810332],[-0.539945,-0.661666,0.520248]],[[-0.631291,0.727165,0.269636],[0.415533,0.0235842,0.909272],[-0.654831,-0.686058,0.31705]]],0],[191,[0.49068,-0.145941,-0.859031],19,55.6926,[31.9828,305.412,-0.796641],[27.9428,311.414,3.58538],[-71.652,115.616,12.3856],false,[-30.6757,256.801,108.303],[-4.9525,301.057,61.0375],[11.6631,324.005,31.8362],[22.8948,320.664,12.1729],[28.9103,309.918,1.67777],[[[-0.873877,-0.0111427,-0.48602],[-0.316276,0.772273,0.550967],[-0.3692,-0.635194,0.678395]],[[-0.868472,-0.00199915,-0.495734],[-0.28104,0.825757,0.489022],[-0.408378,-0.564023,0.717709]],[[-0.868472,-0.00199915,-0.495734],[0.0706307,0.989291,-0.127727],[-0.49068,0.145941,0.859031]],[[-0.868472,-0.00199915,-0.495734],[0.327938,0.747609,-0.577528],[-0.371769,0.664137,0.648622]]],1],[192,[0.429493,0.0105319,-0.903009],19,63.4573,[6.10091,313.61,-19.3366],[1.96357,320.102,-15.132],[-87.2294,156.967,11.0098],false,[-41.0604,258.272,103.206],[-24.7691,299.673,54.3584],[-17.0114,327.843,19.2881],[-5.44507,328.127,-5.03009],[3.44984,319.319,-17.6798],[[[-0.848916,-0.228347,-0.476655],[-0.467491,0.745138,0.475628],[-0.246566,-0.6266,0.739309]],[[-0.866102,-0.278365,-0.415186],[-0.47009,0.735975,0.487192],[-0.169949,-0.617133,0.768286]],[[-0.866102,-0.278365,-0.415186],[-0.255739,0.960417,-0.110434],[-0.429493,-0.0105319,0.903009]],[[-0.866102,-0.278365,-0.415186],[0.00763215,0.823133,-0.567798],[-0.499809,0.49494,0.710792]]],2],[193,[0.440817,0.0476955,-0.896329],19,61.0159,[-16.4382,306.809,-19.5184],[-20.1633,312.923,-15.0542],[-70.6633,142.085,14.6045],false,[-51.0956,256.75,97.5192],[-44.7249,292.403,50.536],[-39.5337,319.433,18.3987],[-27.969,320.684,-5.11627],[-18.2208,312.522,-17.4225],[[[-0.838274,-0.373585,-0.397154],[-0.534569,0.706565,0.463683],[-0.10739,-0.601,0.792002]],[[-0.833325,-0.349322,-0.42842],[-0.538997,0.685482,0.489486],[-0.122686,-0.638818,0.759513]],[[-0.833325,-0.349322,-0.42842],[-0.333541,0.935788,-0.114241],[-0.440817,-0.0476955,0.896329]],[[-0.833325,-0.349322,-0.42842],[-0.0453302,0.815596,-0.576843],[-0.550922,0.461278,0.695491]]],3],[194,[0.396377,0.0634832,-0.91589],19,47.8353,[-43.4576,289.975,-12.1141],[-47.1963,295.978,-7.4215],[-65.6491,127.151,10.9465],false,[-59.1603,248.866,90.1389],[-61.2514,281.541,46.0536],[-62.489,300.784,18.6765],[-55.1469,301.96,1.71166],[-45.0485,295.811,-9.54329],[[[-0.745142,-0.552208,-0.373937],[-0.665817,0.583966,0.464404],[0.038081,-0.595021,0.802808]],[[-0.744442,-0.561614,-0.361105],[-0.666664,0.59528,0.448554],[0.0369558,-0.574658,0.817559]],[[-0.744442,-0.561614,-0.361105],[-0.537301,0.82496,-0.175351],[-0.396377,-0.0634832,0.91589]],[[-0.744442,-0.561614,-0.361105],[-0.251191,0.73667,-0.62787],[-0.618635,0.376706,0.68948]]],4]],[[0,200,0],[235.247,235.247,147.751]]],[16642,1472575975629221,[[19,"left",[0.16834,0.732615,-0.659498],[0.361069,-0.668374,-0.650311],[-30.5279,279.825,66.0219],[-61.017,75.1645,-13.6032],[-24.1446,273.612,58.6393],0,0.470758,0.90298,[[-0.802985,0.150793,-0.576608],[-0.368162,0.635312,0.678848],[-0.468691,-0.75739,0.45463]],60.3449,[-167.079,50.5007,215.935],[-47.2354,244.165,99.6871]]],[[190,[0.543193,0.664151,-0.513658],19,49.3559,[47.3699,293.725,57.2719],[40.7841,303.046,68.035],[-57.9071,114.825,48.2038],false,[-19.3248,238.428,105.352],[-19.3248,238.428,105.352],[12.0209,270.858,91.193],[29.5604,292.304,74.6072],[44.1665,307.507,67.7688],[[[-0.659188,0.689,0.301248],[0.511,0.11653,0.851645],[-0.551679,-0.715332,0.428895]],[[-0.627617,0.727567,0.277027],[0.407966,0.00429394,0.912987],[-0.663069,-0.686024,0.299518]],[[-0.627617,0.727567,0.277027],[0.557708,0.171901,0.812042],[-0.543193,-0.664151,0.513658]],[[-0.627617,0.727567,0.277027],[0.414508,0.0110821,0.909978],[-0.659,-0.685947,0.308537]]],0],[191,[0.485863,-0.141816,-0.862453],19,55.6926,[30.7687,307.202,0.234923],[27.0806,312.261,3.22301],[-79.0399,111.304,-2.25486],false,[-31.3109,257.246,107.832],[-5.53375,301.588,60.6767],[10.9946,324.761,31.6035],[22.1161,321.515,11.8618],[28.0233,310.783,1.2904],[[[-0.875934,-0.00381702,-0.482417],[-0.309612,0.771318,0.556066],[-0.369974,-0.636439,0.676805]],[[-0.87092,0.0046731,-0.491402],[-0.276535,0.821949,0.497924],[-0.406234,-0.569542,0.71456]],[[-0.87092,0.0046731,-0.491402],[0.0737189,0.989882,-0.12124],[-0.485863,0.141816,0.862453]],[[-0.87092,0.0046731,-0.491402],[0.328963,0.748405,-0.57591],[-0.365077,0.663225,0.653339]]],1],[192,[0.423957,0.0221068,-0.905412],19,63.4573,[4.69266,315.921,-18.2536],[1.02434,321.509,-15.3556],[-91.7333,159.93,0.115947],false,[-41.7081,258.8,102.785],[-25.3854,300.349,54.0736],[-17.6915,328.838,19.2476],[-6.27423,329.434,-5.13531],[2.52455,320.821,-17.9855],[[[-0.852164,-0.221202,-0.474223],[-0.461289,0.745408,0.481227],[-0.247041,-0.628838,0.737248]],[[-0.869218,-0.270878,-0.413623],[-0.464811,0.732874,0.496836],[-0.168552,-0.624116,0.762935]],[[-0.869218,-0.270878,-0.413623],[-0.2544,0.96236,-0.0956251],[-0.423957,-0.0221068,0.905412]],[[-0.869218,-0.270878,-0.413623],[0.00457623,0.832126,-0.554568],[-0.494407,0.483934,0.722059]]],2],[193,[0.434598,0.0595709,-0.898652],19,61.0159,[-17.8127,309.308,-18.2199],[-21.1744,314.492,-15.1689],[-83.9277,154.118,6.51515],false,[-51.7752,257.363,97.1327],[-45.3977,293.211,50.2989],[-40.3378,320.622,18.4644],[-28.9363,322.184,-5.1115],[-19.2891,314.184,-17.6019],[[[-0.842015,-0.366888,-0.39548],[-0.528634,0.707273,0.469372],[-0.107506,-0.604283,0.789484]],[[-0.836919,-0.341892,-0.427407],[-0.534103,0.680772,0.501281],[-0.119583,-0.647811,0.752357]],[[-0.836919,-0.341892,-0.427407],[-0.332703,0.937849,-0.0987294],[-0.434598,-0.0595709,0.898652]],[[-0.836919,-0.341892,-0.427407],[-0.0480838,0.823807,-0.564827],[-0.54521,0.452163,0.7059]]],3],[194,[0.392625,0.0708602,-0.916965],19,47.8353,[-44.6643,292.144,-10.8479],[-48.108,297.371,-7.53127],[-75.6192,136.039,4.51734],false,[-59.9149,249.561,89.7475],[-62.0039,282.465,45.8323],[-63.2492,301.998,18.6618],[-55.9767,303.31,1.67705],[-45.9619,297.216,-9.68184],[[[-0.7498,-0.546146,-0.373529],[-0.66057,0.585415,0.47004],[0.0380407,-0.599178,0.799712]],[[-0.749272,-0.553524,-0.363597],[-0.661218,0.59443,0.457651],[0.0371879,-0.583322,0.811389]],[[-0.749272,-0.553524,-0.363597],[-0.533327,0.829813,-0.164234],[-0.392625,-0.0708602,0.916965]],[[-0.749272,-0.553524,-0.363597],[-0.24941,0.744447,-0.619349],[-0.613503,0.373375,0.695848]]],4]],[[0,200,0],[235.247,235.247,147.751]]],[16643,1472575975638141,[[19,"left",[0.170519,0.732922,-0.658596],[0.355634,-0.66911,-0.652546],[-31.3142,280.453,65.7879],[-68.4088,73.8761,-17.0433],[-25.2367,274.654,59.7282],0,0.465447,0.906093,[[-0.806645,0.153248,-0.570822],[-0.363439,0.633009,0.683529],[-0.466085,-0.758824,0.454918]],60.3449,[-167.301,50.7908,215.755],[-48.1232,244.821,99.4327]]],[[190,[0.546736,0.664346,-0.509632],19,49.3559,[46.4392,295.109,58.8258],[40.1458,303.472,67.9651],[-61.0765,95.6406,32.7189],false,[-20.2289,238.922,105.01],[-20.2289,238.922,105.01],[11.227,271.275,90.9184],[28.8809,292.727,74.4625],[43.5639,307.895,67.7122],[[[-0.654593,0.692014,0.304344],[0.513964,0.112149,0.850449],[-0.55439,-0.71312,0.429082]],[[-0.624044,0.729119,0.280988],[0.40965,-0.000946621,0.912242],[-0.6654,-0.684386,0.298093]],[[-0.624044,0.729119,0.280988],[0.558256,0.164406,0.813216],[-0.546736,-0.664346,0.509632]],[[-0.624044,0.729119,0.280988],[0.414366,0.00391489,0.910102],[-0.662473,-0.684375,0.304565]]],0],[191,[0.482378,-0.136902,-0.865199],19,55.6926,[29.4758,308.984,1.07238],[26.1657,313.066,3.00329],[-85.3674,107.439,-8.89848],false,[-32.1054,257.8,107.558],[-6.2165,302.09,60.4143],[10.2204,325.498,31.478],[21.2622,322.364,11.6735],[27.0937,311.655,1.03811],[[[-0.877263,0.00185727,-0.480007],[-0.303876,0.771948,0.558351],[-0.371578,-0.635682,0.676637]],[[-0.872744,0.00947855,-0.488085],[-0.274065,0.817873,0.505937],[-0.403987,-0.575321,0.711196]],[[-0.872744,0.00947855,-0.488085],[0.0750205,0.990539,-0.114908],[-0.482378,0.136902,0.865199]],[[-0.872744,0.00947855,-0.488085],[0.329281,0.749556,-0.57423],[-0.360404,0.661873,0.657292]]],1],[192,[0.419743,0.031834,-0.907085],19,63.4573,[3.21601,318.277,-17.3673],[0.0771784,322.718,-15.4909],[-95.0381,155.545,-4.54325],false,[-42.5078,259.421,102.543],[-26.0927,300.971,53.8637],[-18.4467,329.741,19.2584],[-7.14295,330.598,-5.16956],[1.58088,322.14,-18.172],[[[-0.854655,-0.215669,-0.472283],[-0.455897,0.747005,0.483881],[-0.24844,-0.628864,0.736755]],[[-0.871608,-0.264666,-0.412615],[-0.460698,0.72988,0.505007],[-0.167501,-0.630259,0.758101]],[[-0.871608,-0.264666,-0.412615],[-0.25321,0.963815,-0.0833447],[-0.419743,-0.031834,0.907085]],[[-0.871608,-0.264666,-0.412615],[0.00274822,0.839071,-0.544015],[-0.490195,0.475302,0.730614]]],2],[193,[0.43232,0.0593909,-0.899762],19,61.0159,[-19.2097,311.618,-17.1958],[-22.0214,315.313,-15.3328],[-86.4453,135.643,-0.534055],false,[-52.598,258.049,96.9154],[-46.1539,293.949,50.1309],[-41.0492,321.418,18.3532],[-29.7074,322.976,-5.25179],[-20.1381,314.947,-17.7842],[[[-0.845085,-0.361555,-0.39384],[-0.52348,0.709261,0.472142],[-0.10863,-0.605167,0.788652]],[[-0.839931,-0.336488,-0.425783],[-0.529113,0.682167,0.504665],[-0.120641,-0.649171,0.751014]],[[-0.839931,-0.336488,-0.425783],[-0.328047,0.939813,-0.0955862],[-0.43232,-0.0593909,0.899762]],[[-0.839931,-0.336488,-0.425783],[-0.0451348,0.825169,-0.563079],[-0.540812,0.45373,0.708273]]],3],[194,[0.388148,0.0809243,-0.918037],19,47.8353,[-45.9837,294.411,-9.7723],[-49.0842,298.729,-7.54756],[-85.3006,142.268,2.22538],false,[-60.8004,250.306,89.5382],[-62.8306,283.302,45.6901],[-64.0916,303.148,18.7476],[-56.902,304.647,1.74296],[-46.9731,298.657,-9.74662],[[[-0.753789,-0.541354,-0.372476],[-0.656076,0.588121,0.472946],[0.0369698,-0.600874,0.798488]],[[-0.753501,-0.545691,-0.366684],[-0.656367,0.592445,0.467109],[0.0376575,-0.592647,0.804582]],[[-0.753501,-0.545691,-0.366684],[-0.530638,0.83407,-0.150832],[-0.388148,-0.0809243,0.918037]],[[-0.753501,-0.545691,-0.366684],[-0.249545,0.753389,-0.608385],[-0.608246,0.366915,0.703854]]],4]],[[0,200,0],[235.247,235.247,147.751]]],[16644,1472575975646582,[[19,"left",[0.168811,0.733204,-0.658722],[0.354216,-0.668794,-0.65364],[-31.8935,281.105,65.7324],[-68.4683,74.7591,-14.3221],[-26.2858,275.671,60.6745],0,0.463859,0.910084,[[-0.808082,0.155369,-0.568211],[-0.362694,0.628845,0.687755],[-0.464173,-0.761849,0.451807]],60.3449,[-167.304,50.6537,214.93],[-48.6157,245.458,99.4036]]],[[190,[0.546643,0.667303,-0.505854],19,49.3559,[45.4938,296.519,60.2934],[39.5749,304.353,68.1017],[-62.5813,97.5011,28.6037],false,[-20.707,239.562,104.913],[-20.707,239.562,104.913],[10.6692,272.012,90.8668],[28.3201,293.559,74.5329],[42.9984,308.773,67.8763],[[[-0.654005,0.691769,0.306157],[0.515959,0.11193,0.849269],[-0.55323,-0.713391,0.430128]],[[-0.625002,0.72718,0.28387],[0.41092,-0.00270771,0.911667],[-0.663715,-0.686442,0.29712]],[[-0.625002,0.72718,0.28387],[0.557274,0.160984,0.814573],[-0.546643,-0.667303,0.505854]],[[-0.625002,0.72718,0.28387],[0.413259,-0.000286051,0.910614],[-0.662261,-0.686447,0.300335]]],0],[191,[0.480126,-0.126803,-0.867986],19,55.6926,[28.2487,310.704,1.69062],[25.283,314.279,2.94129],[-90.2049,119.932,-9.47729],false,[-32.5812,258.437,107.495],[-6.81296,302.749,60.3074],[9.38372,326.503,31.518],[20.3739,323.601,11.6497],[26.2193,312.99,0.923264],[[[-0.8784,0.00186443,-0.477923],[-0.302702,0.771678,0.559361],[-0.369846,-0.636011,0.677277]],[[-0.874492,0.00850241,-0.484966],[-0.27712,0.811834,0.513935],[-0.398082,-0.583826,0.707586]],[[-0.874492,0.00850241,-0.484966],[0.0688749,0.991892,-0.106806],[-0.480126,0.126803,0.867986]],[[-0.874492,0.00850241,-0.484966],[0.323662,0.754914,-0.570393],[-0.361258,0.655769,0.662918]]],1],[192,[0.417033,0.0358053,-0.908186],19,63.4573,[1.8726,320.3,-16.7321],[-0.772806,323.662,-15.5535],[-95.8056,143.534,-5.60854],false,[-42.9957,260.057,102.506],[-26.7044,301.629,53.8036],[-19.1806,330.507,19.2613],[-7.94986,331.471,-5.19633],[0.747701,323.078,-18.2588],[[[-0.855731,-0.21566,-0.470335],[-0.454894,0.746733,0.485243],[-0.246567,-0.629191,0.737105]],[[-0.872441,-0.264369,-0.411042],[-0.460087,0.727944,0.508349],[-0.164824,-0.632619,0.75672]],[[-0.872441,-0.264369,-0.411042],[-0.254814,0.963757,-0.0790126],[-0.417033,-0.0358053,0.908186]],[[-0.872441,-0.264369,-0.411042],[-0.000188166,0.841241,-0.54066],[-0.488719,0.471616,0.733983]]],2],[193,[0.427886,0.0679323,-0.901276],19,61.0159,[-20.5172,313.66,-16.4639],[-22.9375,316.462,-15.317],[-92.9168,136.708,-0.889867],false,[-53.0991,258.686,96.9019],[-46.773,294.605,50.1157],[-41.8474,322.257,18.4695],[-30.6219,324.039,-5.17518],[-21.0854,316.162,-17.828],[[[-0.845946,-0.361574,-0.39197],[-0.522498,0.708979,0.47365],[-0.106639,-0.605486,0.788679]],[[-0.840768,-0.336034,-0.424488],[-0.528732,0.678231,0.510339],[-0.116409,-0.653517,0.747907]],[[-0.840768,-0.336034,-0.424488],[-0.331696,0.939397,-0.086669],[-0.427886,-0.0679323,0.901276]],[[-0.840768,-0.336034,-0.424488],[-0.0513121,0.829993,-0.555409],[-0.538958,0.445189,0.715074]]],3],[194,[0.383511,0.0915312,-0.918989],19,47.8353,[-47.2249,296.461,-8.94171],[-49.9292,299.894,-7.42693],[-89.745,142.53,4.73732],false,[-61.3174,250.943,89.5412],[-63.4581,283.956,45.7105],[-64.8319,304.047,18.9564],[-57.7282,305.743,1.93414],[-47.8488,299.9,-9.67341],[[[-0.754564,-0.541363,-0.370891],[-0.655068,0.587813,0.474723],[0.038983,-0.601168,0.798172]],[[-0.754465,-0.542845,-0.368919],[-0.655057,0.58765,0.474941],[0.041024,-0.599989,0.798955]],[[-0.754465,-0.542845,-0.368919],[-0.532636,0.83483,-0.13913],[-0.383511,-0.0915312,0.918989]],[[-0.754465,-0.542845,-0.368919],[-0.253975,0.75976,-0.59855],[-0.60521,0.357889,0.711081]]],4]],[[0,200,0],[235.247,235.247,147.751]]],[16645,1472575975655262,[[19,"left",[0.166249,0.733973,-0.658517],[0.353201,-0.667825,-0.655179],[-32.3108,281.727,65.654],[-63.0363,73.9292,-12.9138],[-27.3317,276.722,61.5389],0,0.462476,0.894243,[[-0.808158,0.15851,-0.567235],[-0.361841,0.626283,0.690536],[-0.464706,-0.763311,0.44878]],60.3449,[-167.729,50.8534,214.09],[-48.9039,246.031,99.3379]]],[[190,[0.546047,0.672251,-0.49991],19,49.3559,[44.5033,298.054,61.7753],[39.1457,305.353,68.3662],[-58.8527,102.192,30.2475],false,[-20.9742,240.161,104.767],[-20.9742,240.161,104.767],[10.2728,272.788,90.843],[27.9045,294.495,74.7011],[42.5749,309.792,68.2181],[[[-0.653942,0.690779,0.308518],[0.518102,0.111743,0.847988],[-0.551298,-0.714379,0.430968]],[[-0.627286,0.723619,0.287904],[0.411844,-0.00553435,0.911238],[-0.660982,-0.690178,0.294547]],[[-0.627286,0.723619,0.287904],[0.555288,0.156378,0.816824],[-0.546047,-0.672251,0.49991]],[[-0.627286,0.723619,0.287904],[0.41036,-0.00708268,0.911896],[-0.661904,-0.690163,0.292501]]],0],[191,[0.477529,-0.117429,-0.870733],19,55.6926,[27.0378,312.458,2.14656],[24.5278,315.474,2.82858],[-89.2121,126.259,-11.4535],false,[-32.862,259.021,107.398],[-7.26846,303.404,60.1814],[8.68105,327.458,31.5041],[19.6118,324.77,11.5728],[25.4721,314.26,0.755715],[[[-0.879674,0.00132464,-0.475575],[-0.302052,0.770849,0.560854],[-0.367339,-0.637017,0.677695]],[[-0.876381,0.00697501,-0.481568],[-0.279797,0.806479,0.52087],[-0.392007,-0.591222,0.704831]],[[-0.876381,0.00697501,-0.481568],[0.0626235,0.993057,-0.0995821],[-0.477529,0.117429,0.870733]],[[-0.876381,0.00697501,-0.481568],[0.31746,0.760296,-0.566718],[-0.362181,0.649539,0.668523]]],1],[192,[0.414208,0.0394082,-0.909329],19,63.4573,[0.606073,322.146,-16.277],[-1.49868,324.564,-15.645],[-92.0107,132.229,-7.18878],false,[-43.2916,260.634,102.438],[-27.176,302.267,53.7296],[-19.7941,331.238,19.2351],[-8.63935,332.3,-5.25327],[0.0343318,323.97,-18.3719],[[[-0.856748,-0.216181,-0.468241],[-0.454414,0.745802,0.487121],[-0.243909,-0.630115,0.7372]],[[-0.873184,-0.264747,-0.409217],[-0.45978,0.726019,0.511369],[-0.161716,-0.634669,0.755674]],[[-0.873184,-0.264747,-0.409217],[-0.256869,0.963512,-0.0752497],[-0.414208,-0.0394082,0.909329]],[[-0.873184,-0.264747,-0.409217],[-0.00361366,0.843102,-0.537742],[-0.487377,0.468069,0.73714]]],2],[193,[0.420453,0.0853712,-0.903289],19,61.0159,[-21.8478,315.783,-15.9282],[-23.8654,318.009,-15.2943],[-98.0773,150.809,-1.9407],false,[-53.4084,259.257,96.86],[-47.2467,295.224,50.0891],[-42.5946,323.177,18.6666],[-31.5641,325.417,-5.03091],[-22.0699,317.888,-17.9256],[[[-0.846593,-0.362154,-0.390032],[-0.522007,0.707985,0.475674],[-0.103869,-0.606302,0.788422]],[[-0.841378,-0.335903,-0.423382],[-0.529145,0.671374,0.518906],[-0.109945,-0.660626,0.74262]],[[-0.841378,-0.335903,-0.423382],[-0.339562,0.93802,-0.0694016],[-0.420452,-0.0853712,0.903289]],[[-0.841378,-0.335903,-0.423382],[-0.0646492,0.840322,-0.538219],[-0.536566,0.425474,0.728744]]],3],[194,[0.378385,0.102617,-0.919943],19,47.8353,[-48.429,298.435,-8.27499],[-50.649,301.034,-7.3308],[-88.4089,140.493,5.70721],false,[-61.6379,251.512,89.5144],[-63.9318,284.561,45.719],[-65.4318,304.882,19.1456],[-58.423,306.782,2.10568],[-48.5964,301.11,-9.63019],[[[-0.754958,-0.541861,-0.369357],[-0.654441,0.586672,0.476993],[0.0417725,-0.601833,0.797529]],[[-0.755036,-0.540716,-0.370872],[-0.654151,0.582552,0.48241],[0.0447944,-0.606843,0.793558]],[[-0.755036,-0.540716,-0.370872],[-0.535486,0.834923,-0.127119],[-0.378385,-0.102617,0.919943]],[[-0.755036,-0.540716,-0.370872],[-0.259875,0.766086,-0.587858],[-0.601984,0.347474,0.718941]]],4]],[[0,200,0],[235.247,235.247,147.751]]],[16646,1472575975663915,[[19,"left",[0.164908,0.73352,-0.659358],[0.354928,-0.66786,-0.654209],[-32.8561,282.521,65.6782],[-63.0325,78.6572,-8.74332],[-28.3506,277.791,62.3023],0,0.460084,0.885003,[[-0.807346,0.159404,-0.56814],[-0.364097,0.623109,0.69222],[-0.464356,-0.765719,0.445026]],60.3449,[-168.12,51.0371,213.192],[-49.3847,246.83,99.3996]]],[[190,[0.545999,0.678347,-0.491661],19,49.3559,[43.5028,299.674,63.2421],[38.5224,306.719,69.0709],[-62.6616,117.847,45.7877],false,[-21.4444,241.028,104.847],[-21.4444,241.028,104.847],[9.65724,273.899,91.1727],[27.2874,295.802,75.2971],[41.9367,311.212,69.0376],[[[-0.655578,0.689727,0.307399],[0.517513,0.113926,0.848057],[-0.549907,-0.715051,0.43163]],[[-0.632322,0.718652,0.289322],[0.409057,-0.00743611,0.912478],[-0.657906,-0.69533,0.289268]],[[-0.632322,0.718652,0.289322],[0.549594,0.152919,0.821317],[-0.545999,-0.678347,0.491661]],[[-0.632322,0.718652,0.289322],[0.404114,-0.0126486,0.914621],[-0.660954,-0.695254,0.282419]]],0],[191,[0.47766,-0.112086,-0.871366],19,55.6926,[25.9132,314.138,2.49618],[23.8321,316.633,2.88665],[-86.8333,128.661,-7.65906],false,[-33.3745,259.865,107.45],[-7.8591,304.245,60.1888],[7.94597,328.461,31.5669],[18.8797,325.895,11.6213],[24.7889,315.445,0.773119],[[[-0.879482,-0.0011901,-0.47593],[-0.303966,0.770879,0.559778],[-0.366218,-0.636981,0.678336]],[[-0.876689,0.00362479,-0.481044],[-0.283756,0.803587,0.523193],[-0.388457,-0.595177,0.703467]],[[-0.876689,0.00362479,-0.481044],[0.0570767,0.993692,-0.096533],[-0.47766,0.112086,0.871366]],[[-0.876689,0.00362479,-0.481044],[0.313118,0.763446,-0.564896],[-0.365203,0.645861,0.67044]]],1],[192,[0.413586,0.0431909,-0.90944],19,63.4573,[-0.528206,323.807,-15.9521],[-2.18459,325.583,-15.6216],[-88.4435,128.251,-5.05396],false,[-43.8057,261.449,102.484],[-27.7615,303.058,53.7304],[-20.476,332.093,19.2697],[-9.33801,333.256,-5.2217],[-0.640003,325.001,-18.3718],[[[-0.856083,-0.218636,-0.468317],[-0.456243,0.745408,0.486014],[-0.242827,-0.629735,0.737882]],[[-0.872396,-0.267022,-0.409421],[-0.462009,0.723946,0.512298],[-0.159604,-0.636083,0.754934]],[[-0.872396,-0.267022,-0.409421],[-0.260524,0.962722,-0.072757],[-0.413586,-0.0431909,0.90944]],[[-0.872396,-0.267022,-0.409421],[-0.00739927,0.844721,-0.535156],[-0.488745,0.463838,0.738907]]],2],[193,[0.418951,0.090262,-0.903511],19,61.0159,[-23.0169,317.612,-15.5752],[-24.5496,319.05,-15.289],[-92.9547,141.253,-2.53406],false,[-53.9171,260.043,96.9035],[-47.8152,295.966,50.0906],[-43.2474,323.949,18.6825],[-32.2563,326.317,-5.0208],[-22.7485,318.91,-17.9755],[[[-0.84564,-0.364489,-0.389924],[-0.523749,0.707428,0.474587],[-0.102861,-0.605552,0.78913]],[[-0.840437,-0.338123,-0.423483],[-0.531048,0.669555,0.519312],[-0.107954,-0.661339,0.742278]],[[-0.840437,-0.338123,-0.423483],[-0.343723,0.936763,-0.0657977],[-0.418951,-0.090262,0.903511]],[[-0.840437,-0.338123,-0.423483],[-0.0702725,0.842868,-0.533513],[-0.537334,0.418625,0.732138]]],3],[194,[0.373476,0.115806,-0.920383],19,47.8353,[-49.564,300.313,-7.77735],[-51.3797,302.306,-7.22738],[-88.9795,144.095,6.15383],false,[-62.1267,252.271,89.5641],[-64.4752,285.261,45.7269],[-66.0961,305.794,19.3244],[-59.1783,307.939,2.27633],[-49.3884,302.496,-9.59812],[[[-0.753621,-0.543969,-0.368989],[-0.655917,0.585828,0.476003],[0.0427671,-0.600752,0.79829]],[[-0.753869,-0.540269,-0.373886],[-0.655239,0.576295,0.488412],[0.0484051,-0.613183,0.788456]],[[-0.753869,-0.540269,-0.373886],[-0.540553,0.833486,-0.114474],[-0.373476,-0.115806,0.920383]],[[-0.753869,-0.540269,-0.373886],[-0.268346,0.772618,-0.575372],[-0.599726,0.333424,0.727431]]],4]],[[0,200,0],[235.247,235.247,147.751]]],[16647,1472575975672597,[[19,"left",[0.163944,0.733712,-0.659385],[0.353303,-0.667761,-0.655189],[-33.1898,282.925,65.626],[-56.4823,70.1211,-8.01421],[-29.2892,278.787,62.947],0,0.45756,0.887902,[[-0.808099,0.162184,-0.56628],[-0.362955,0.620073,0.695538],[-0.46394,-0.767597,0.442215]],60.3449,[-168.297,50.9554,212.44],[-49.6682,247.229,99.3657]]],[[190,[0.546297,0.681666,-0.486715],19,49.3559,[42.5667,301.21,64.581],[38.2002,307.368,69.3568],[-55.8978,105.905,42.3876],false,[-21.7199,241.411,104.755],[-21.7199,241.411,104.755],[9.31865,274.388,91.1946],[26.9584,296.399,75.4788],[41.6148,311.857,69.3557],[[[-0.654633,0.689914,0.308988],[0.519257,0.11333,0.84707],[-0.549388,-0.714965,0.432432]],[[-0.633415,0.716427,0.292434],[0.409511,-0.0103036,0.912247],[-0.656572,-0.697586,0.286858]],[[-0.633415,0.716427,0.292434],[0.548038,0.148537,0.823159],[-0.546297,-0.681666,0.486715]],[[-0.633415,0.716427,0.292434],[0.401873,-0.0183885,0.915511],[-0.661274,-0.697419,0.276265]]],0],[191,[0.475579,-0.105841,-0.873282],19,55.6926,[24.9286,315.605,2.70824],[23.2984,317.378,2.78923],[-79.7349,117.947,-9.44165],false,[-33.6358,260.253,107.39],[-8.19339,304.64,60.0957],[7.47042,329.027,31.5418],[18.3565,326.605,11.5522],[24.2666,316.23,0.6319],[[[-0.88043,-0.000574076,-0.474176],[-0.30248,0.770794,0.560698],[-0.36517,-0.637084,0.678803]],[[-0.878027,0.00358504,-0.478598],[-0.28435,0.80045,0.527659],[-0.384985,-0.599388,0.701798]],[[-0.878027,0.00358504,-0.478598],[0.0537861,0.994377,-0.0912264],[-0.475579,0.105841,0.873282]],[[-0.878027,0.00358504,-0.478598],[0.309279,0.767395,-0.56165],[-0.36526,0.641165,0.674902]]],1],[192,[0.410974,0.0470176,-0.910434],19,63.4573,[-1.49549,325.176,-15.7586],[-2.73059,326.245,-15.6836],[-81.2565,114.08,-6.02762],false,[-44.0761,261.844,102.445],[-28.1092,303.465,53.6766],[-20.9164,332.587,19.2698],[-9.84877,333.853,-5.24839],[-1.18037,325.669,-18.462],[[[-0.857119,-0.218034,-0.466699],[-0.454916,0.745426,0.487228],[-0.241657,-0.629922,0.738106]],[[-0.873299,-0.266299,-0.407964],[-0.460999,0.722535,0.515192],[-0.157573,-0.637987,0.753753]],[[-0.873299,-0.266299,-0.407964],[-0.261629,0.962743,-0.0683816],[-0.410974,-0.0470176,0.910434]],[[-0.873299,-0.266299,-0.407964],[-0.0101112,0.847116,-0.531312],[-0.48708,0.459869,0.742477]]],2],[193,[0.416009,0.0943044,-0.904458],19,61.0159,[-23.99,319.062,-15.3716],[-25.0881,319.727,-15.3291],[-84.4212,123.438,-3.91752],false,[-54.1993,260.445,96.884],[-48.1735,296.384,50.0738],[-43.6717,324.417,18.7007],[-32.7578,326.891,-5.02745],[-23.2855,319.577,-18.0607],[[[-0.84659,-0.363925,-0.388386],[-0.522463,0.707483,0.475921],[-0.101577,-0.605827,0.789085]],[[-0.841399,-0.337359,-0.42218],[-0.529837,0.668775,0.521549],[-0.106394,-0.662517,0.741452]],[[-0.841399,-0.337359,-0.42218],[-0.34494,0.936641,-0.0609965],[-0.416009,-0.0943044,0.904458]],[[-0.841399,-0.337359,-0.42218],[-0.0739705,0.845759,-0.528413],[-0.535327,0.413378,0.736576]]],3],[194,[0.369259,0.120901,-0.921429],19,47.8353,[-50.5532,301.844,-7.43723],[-51.9429,303.017,-7.19603],[-83.0986,126.509,4.61048],false,[-62.4272,252.68,89.5579],[-64.8473,285.689,45.739],[-66.5585,306.309,19.4106],[-59.7188,308.549,2.34314],[-49.9813,303.194,-9.61404],[[[-0.754615,-0.543457,-0.367709],[-0.654686,0.585945,0.47755],[0.0440707,-0.601101,0.797957]],[[-0.754905,-0.539241,-0.373279],[-0.65384,0.574463,0.492427],[0.0511018,-0.615801,0.786243]],[[-0.754905,-0.539241,-0.373279],[-0.542002,0.833428,-0.10785],[-0.369259,-0.120901,0.921429]],[[-0.754905,-0.539241,-0.373279],[-0.272545,0.775636,-0.569304],[-0.596521,0.328035,0.732499]]],4]],[[0,200,0],[235.247,235.247,147.751]]],[16648,1472575975681295,[[19,"left",[0.163169,0.733732,-0.659555],[0.351076,-0.667939,-0.656204],[-33.4067,283.147,65.5676],[-48.069,58.2244,-7.66772],[-30.1145,279.661,63.4722],0,0.455482,0.884822,[[-0.808527,0.165291,-0.564768],[-0.360973,0.61865,0.697833],[-0.46474,-0.768083,0.440529]],60.3449,[-168.677,51.0607,211.978],[-49.8435,247.458,99.3354]]],[[190,[0.54655,0.682847,-0.484771],19,49.3559,[41.7338,302.575,65.7327],[38.0258,307.668,69.4108],[-46.1625,85.9088,31.9365],false,[-21.8887,241.61,104.658],[-21.8887,241.61,104.658],[9.1292,274.612,91.1105],[26.7771,296.661,75.4574],[41.4499,312.128,69.3983],[[[-0.653191,0.690506,0.310714],[0.521351,0.112544,0.845888],[-0.549122,-0.714518,0.433509]],[[-0.632908,0.715891,0.294836],[0.410989,-0.0120721,0.91156],[-0.656137,-0.698108,0.286582]],[[-0.632908,0.715891,0.294836],[0.54837,0.145673,0.82345],[-0.54655,-0.682847,0.484771]],[[-0.632908,0.715891,0.294836],[0.401463,-0.0221608,0.915607],[-0.662008,-0.697861,0.273378]]],0],[191,[0.473194,-0.0993228,-0.875342],19,55.6926,[24.1104,316.816,2.80079],[22.8851,317.923,2.65654],[-70.6643,103.953,-11.8824],false,[-33.7789,260.463,107.326],[-8.40068,304.838,59.9852],[7.1295,329.381,31.4917],[17.961,327.107,11.455],[23.8682,316.82,0.450915],[[[-0.881535,0.000480253,-0.472119],[-0.300367,0.770946,0.561625],[-0.364248,-0.6369,0.679471]],[[-0.879493,0.00402596,-0.475895],[-0.284247,0.797569,0.53206],[-0.381701,-0.603214,0.700312]],[[-0.879493,0.00402596,-0.475895],[0.0507913,0.995047,-0.0854487],[-0.473194,0.0993228,0.875342]],[[-0.879493,0.00402596,-0.475895],[0.305299,0.771866,-0.557688],[-0.365082,0.635772,0.68008]]],1],[192,[0.408721,0.0477301,-0.911411],19,63.4573,[-2.26466,326.168,-15.6753],[-3.11452,326.539,-15.7896],[-70.9181,91.8233,-7.90852],false,[-44.229,262.067,102.406],[-28.3326,303.685,53.6122],[-21.1952,332.824,19.2083],[-10.1882,334.11,-5.33616],[-1.55901,325.939,-18.5835],[[[-0.858433,-0.217006,-0.464759],[-0.453,0.745758,0.488503],[-0.24059,-0.629883,0.738487]],[[-0.874512,-0.265221,-0.406063],[-0.459109,0.722602,0.516783],[-0.15636,-0.63836,0.75369]],[[-0.874512,-0.265221,-0.406063],[-0.261107,0.963005,-0.0666609],[-0.408721,-0.0477301,0.911411]],[[-0.874512,-0.265221,-0.406063],[-0.0109894,0.847856,-0.530113],[-0.48488,0.459128,0.744374]]],2],[193,[0.413969,0.0941488,-0.905409],19,61.0159,[-24.7442,320.059,-15.2725],[-25.46,319.978,-15.3941],[-73.1464,97.7946,-4.92281],false,[-54.3666,260.68,96.8681],[-48.4127,296.626,50.0543],[-43.9553,324.662,18.678],[-33.0949,327.132,-5.07518],[-23.661,319.813,-18.1332],[[[-0.847873,-0.36293,-0.386513],[-0.520613,0.707889,0.477342],[-0.100366,-0.605949,0.789146]],[[-0.842737,-0.336375,-0.420292],[-0.527917,0.669189,0.522962],[-0.105343,-0.662599,0.741529]],[[-0.842737,-0.336375,-0.420292],[-0.344127,0.93701,-0.0599062],[-0.413969,-0.0941488,0.905409]],[[-0.842737,-0.336375,-0.420292],[-0.0743749,0.846007,-0.527959],[-0.533162,0.413672,0.737979]]],3],[194,[0.365359,0.124431,-0.922513],19,47.8353,[-51.3624,303.004,-7.2262],[-52.3699,303.472,-7.19296],[-74.1775,105.852,2.58889],false,[-62.6197,252.925,89.559],[-65.1076,285.949,45.7553],[-66.8733,306.615,19.4659],[-60.1058,308.92,2.37831],[-50.4265,303.637,-9.65808],[[[-0.756038,-0.542565,-0.366102],[-0.652958,0.586489,0.479246],[0.045307,-0.601377,0.79768]],[[-0.756358,-0.538003,-0.372121],[-0.652029,0.574182,0.49515],[0.0527266,-0.617144,0.785081]],[[-0.756358,-0.538003,-0.372121],[-0.542618,0.833708,-0.10245],[-0.365359,-0.124431,0.922513]],[[-0.756358,-0.538003,-0.372121],[-0.276278,0.778353,-0.563771],[-0.592952,0.323604,0.737352]]],4]],[[0,200,0],[235.247,235.247,147.751]]],[16649,1472575975689948,[[19,"left",[0.162752,0.733806,-0.659576],[0.349853,-0.667974,-0.656821],[-33.7286,283.481,65.4974],[-45.1836,52.9961,-7.78568],[-30.8501,280.439,63.8844],0,0.453717,0.885734,[[-0.808582,0.16703,-0.564178],[-0.359785,0.618349,0.698713],[-0.465564,-0.767949,0.439891]],60.3449,[-169.187,51.4292,211.757],[-50.143,247.793,99.2771]]],[[190,[0.547077,0.683969,-0.48259],19,49.3559,[40.9833,303.793,66.711],[37.7404,308.086,69.5004],[-42.3879,75.0075,25.6163],false,[-22.1849,241.927,104.563],[-22.1849,241.927,104.563],[8.81743,274.956,91.0452],[26.4824,297.041,75.4626],[41.1789,312.519,69.4881],[[[-0.652395,0.690804,0.311722],[0.522494,0.112027,0.845251],[-0.548982,-0.714311,0.434027]],[[-0.632843,0.715307,0.296388],[0.411618,-0.0134162,0.911258],[-0.655806,-0.698681,0.285943]],[[-0.632843,0.715307,0.296388],[0.54792,0.143256,0.824173],[-0.547077,-0.683969,0.48259]],[[-0.632843,0.715307,0.296388],[0.399791,-0.0259434,0.916239],[-0.663082,-0.698329,0.269555]]],0],[191,[0.47183,-0.0904406,-0.877038],19,55.6926,[23.4014,317.915,2.82536],[22.4093,318.696,2.57749],[-65.9692,101.529,-12.0935],false,[-34.0607,260.786,107.25],[-8.7172,305.158,59.8886],[6.68229,329.902,31.4985],[17.4826,327.832,11.423],[23.4157,317.669,0.318024],[[[-0.882135,0.00110998,-0.470995],[-0.299205,0.770976,0.562203],[-0.36375,-0.636863,0.679773]],[[-0.880468,0.00401357,-0.474089],[-0.285522,0.793803,0.536986],[-0.378489,-0.608162,0.697772]],[[-0.880468,0.00401357,-0.474089],[0.046397,0.995894,-0.0777363],[-0.47183,0.0904406,0.877038]],[[-0.880468,0.00401357,-0.474089],[0.300534,0.778116,-0.551557],[-0.366683,0.628108,0.686312]]],1],[192,[0.407496,0.0485529,-0.911916],19,63.4573,[-2.89906,326.937,-15.6619],[-3.52502,326.94,-15.8834],[-64.2005,79.0737,-8.98072],false,[-44.5161,262.397,102.344],[-28.6579,304.018,53.5408],[-21.5409,333.165,19.1389],[-10.5669,334.473,-5.4192],[-1.95857,326.323,-18.693],[[[-0.85915,-0.216392,-0.463719],[-0.451946,0.745895,0.48927],[-0.240012,-0.629932,0.738633]],[[-0.875151,-0.264506,-0.40515],[-0.45804,0.722723,0.517562],[-0.155913,-0.638521,0.753646]],[[-0.875151,-0.264506,-0.40515],[-0.260878,0.963161,-0.0652937],[-0.407496,-0.0485529,0.911916]],[[-0.875151,-0.264506,-0.40515],[-0.0117423,0.848712,-0.528724],[-0.483707,0.457957,0.745858]]],2],[193,[0.412634,0.0948464,-0.905945],19,61.0159,[-25.3689,320.818,-15.2409],[-25.8849,320.399,-15.4547],[-66.5727,83.8547,-5.65475],false,[-54.6616,261.017,96.8189],[-48.7466,296.972,50.0067],[-44.3221,325.027,18.6426],[-33.4968,327.516,-5.12462],[-24.0847,320.207,-18.2048],[[[-0.848575,-0.362342,-0.385524],[-0.519594,0.708068,0.478186],[-0.0997105,-0.606092,0.78912]],[[-0.843462,-0.335762,-0.419327],[-0.526913,0.669054,0.524146],[-0.104564,-0.663046,0.741239]],[[-0.843462,-0.335762,-0.419327],[-0.343954,0.93716,-0.0585474],[-0.412634,-0.0948464,0.905945]],[[-0.843462,-0.335762,-0.419327],[-0.0750078,0.846561,-0.52698],[-0.531926,0.413035,0.739228]]],3],[194,[0.363887,0.125369,-0.922968],19,47.8353,[-52.0269,303.885,-7.11448],[-52.7839,303.901,-7.23092],[-66.9217,90.0596,0.3251],false,[-62.9284,253.269,89.5183],[-65.4532,286.306,45.7263],[-67.2318,306.982,19.446],[-60.4916,309.305,2.34999],[-50.8378,304.044,-9.71633],[[[-0.756817,-0.542034,-0.365276],[-0.652008,0.586744,0.480227],[0.0459762,-0.601607,0.797468]],[[-0.757153,-0.537316,-0.371498],[-0.651074,0.574488,0.49605],[0.0531141,-0.617459,0.784808]],[[-0.757153,-0.537316,-0.371498],[-0.542499,0.834011,-0.100599],[-0.363887,-0.125369,0.922968]],[[-0.757153,-0.537316,-0.371498],[-0.277449,0.779376,-0.561778],[-0.591389,0.322281,0.739185]]],4]],[[0,200,0],[235.247,235.247,147.751]]],[16650,1472575975698637,[[19,"left",[0.164939,0.734275,-0.65851],[0.345272,-0.668394,-0.658814],[-34.2342,283.784,65.3031],[-48.6494,48.167,-11.6694],[-31.5464,281.127,64.1764],0,0.451254,0.887785,[[-0.810846,0.169415,-0.560203],[-0.355541,0.617731,0.701426],[-0.464887,-0.767924,0.440651]],60.3449,[-169.622,51.7536,211.722],[-50.7514,248.111,99.0485]]],[[190,[0.55007,0.682807,-0.48083],19,49.3559,[40.2861,304.813,67.5038],[37.3891,308.109,69.3735],[-41.2761,54.4976,14.1182],false,[-22.8111,242.1,104.265],[-22.8111,242.1,104.265],[8.31719,275.019,90.7698],[26.0788,297.067,75.2439],[40.8682,312.489,69.3556],[[[-0.648409,0.693346,0.314385],[0.524765,0.107883,0.844383],[-0.551533,-0.712484,0.433796]],[[-0.629025,0.717478,0.299255],[0.413213,-0.0174789,0.910467],[-0.65847,-0.696362,0.285476]],[[-0.629025,0.717478,0.299255],[0.549318,0.137843,0.824166],[-0.55007,-0.682807,0.48083]],[[-0.629025,0.717478,0.299255],[0.39884,-0.0325717,0.916442],[-0.667274,-0.69582,0.26567]]],0],[191,[0.469604,-0.0842522,-0.878848],19,55.6926,[22.7562,318.829,2.7653],[21.882,319.212,2.37926],[-63.7183,90.7257,-15.5879],false,[-34.5901,261.011,107.013],[-9.12996,305.351,59.6841],[6.26078,330.22,31.399],[17.0101,328.292,11.282],[22.9077,318.22,0.075688],[[[-0.883086,0.0062704,-0.46917],[-0.294321,0.771332,0.564289],[-0.365424,-0.636402,0.679307]],[[-0.881597,0.00885074,-0.471921],[-0.282306,0.791393,0.542218],[-0.378274,-0.611244,0.695191]],[[-0.881597,0.00885074,-0.471921],[0.0475388,0.996405,-0.0701201],[-0.469604,0.0842522,0.878848]],[[-0.881597,0.00885074,-0.471921],[0.299891,0.782585,-0.545551],[-0.364489,0.622481,0.692579]]],1],[192,[0.405109,0.0518704,-0.912796],19,63.4573,[-3.48215,327.614,-15.7227],[-4.03473,327.458,-16.0461],[-62.0792,73.7388,-12.147],false,[-45.0477,262.682,102.132],[-29.0889,304.32,53.3753],[-21.9143,333.537,19.0456],[-11.0047,334.934,-5.53621],[-2.46246,326.851,-18.8934],[[[-0.861136,-0.211353,-0.462357],[-0.447332,0.747128,0.491623],[-0.241534,-0.630182,0.737924]],[[-0.877204,-0.25934,-0.40405],[-0.453663,0.723219,0.520715],[-0.157175,-0.640075,0.752064]],[[-0.877204,-0.25934,-0.40405],[-0.257683,0.964392,-0.0595602],[-0.405109,-0.0518704,0.912796]],[[-0.877204,-0.25934,-0.40405],[-0.0111318,0.852323,-0.522898],[-0.479989,0.45419,0.750548]]],2],[193,[0.411226,0.0945809,-0.906613],19,61.0159,[-25.9414,321.443,-15.2796],[-26.3799,320.825,-15.5937],[-63.7205,74.3932,-8.34796],false,[-55.2111,261.362,96.6249],[-49.2186,297.377,49.8692],[-44.7227,325.47,18.5489],[-33.9343,327.951,-5.23583],[-24.5845,320.623,-18.3494],[[[-0.851106,-0.357502,-0.384462],[-0.515184,0.709649,0.480607],[-0.101015,-0.607116,0.788166]],[[-0.845935,-0.330884,-0.418222],[-0.522594,0.670603,0.526486],[-0.106255,-0.663933,0.740204]],[[-0.845935,-0.330884,-0.418222],[-0.33954,0.93892,-0.0560591],[-0.411226,-0.0945809,0.906613]],[[-0.845935,-0.330884,-0.418222],[-0.0720086,0.847926,-0.525201],[-0.528403,0.41417,0.74111